Day,Month,Year,male_births,female_births,total_births,male_deaths,female_deaths,total_deaths
1,1,2010,70,68,138,48,29,77
2,1,2010,56,66,122,68,26,94
3,1,2010,62,50,112,43,27,70
4,1,2010,83,76,159,42,31,73
5,1,2010,73,77,150,38,35,73
6,1,2010,65,59,124,48,49,97
7,1,2010,93,73,166,44,19,63
8,1,2010,62,80,142,36,27,63
9,1,2010,74,41,115,51,39,90
10,1,2010,51,38,89,44,33,77
11,1,2010,80,80,160,63,30,93
12,1,2010,82,75,157,46,33,79
13,1,2010,50,66,116,35,16,51
14,1,2010,70,57,127,36,30,66
15,1,2010,51,49,100,39,33,72
16,1,2010,59,56,115,40,23,63
17,1,2010,70,53,123,62,34,96
18,1,2010,63,46,109,44,35,79
19,1,2010,83,78,161,44,21,65
20,1,2010,67,59,126,30,29,59
21,1,2010,67,64,131,32,37,69
22,1,2010,72,57,129,42,30,72
23,1,2010,71,57,128,45,30,75
24,1,2010,53,57,110,36,25,61
25,1,2010,78,58,136,34,29,63
26,1,2010,70,73,143,49,20,69
27,1,2010,63,59,122,51,43,94
28,1,2010,92,56,148,38,32,70
29,1,2010,73,57,130,37,36,73
30,1,2010,60,54,114,38,22,60
31,1,2010,51,43,94,42,31,73
1,2,2010,64,68,132,40,24,64
2,2,2010,101,68,169,40,22,62
3,2,2010,62,53,115,38,29,67
4,2,2010,69,65,134,43,30,73
5,2,2010,92,74,166,41,34,75
6,2,2010,63,61,124,38,30,68
7,2,2010,53,41,94,45,33,78
8,2,2010,46,51,97,40,27,67
9,2,2010,72,59,131,38,23,61
10,2,2010,82,78,160,45,36,81
11,2,2010,74,60,134,40,27,67
12,2,2010,81,94,175,36,33,69
13,2,2010,64,44,108,52,34,86
14,2,2010,56,57,113,37,32,69
15,2,2010,67,68,135,45,34,79
16,2,2010,86,71,157,52,33,85
17,2,2010,70,59,129,49,31,80
18,2,2010,72,57,129,46,33,79
19,2,2010,80,71,151,44,33,77
20,2,2010,69,53,122,40,30,70
21,2,2010,52,41,93,42,24,66
22,2,2010,63,74,137,45,27,72
23,2,2010,75,67,142,47,25,72
24,2,2010,51,67,118,39,25,64
25,2,2010,68,56,124,35,18,53
26,2,2010,87,85,172,33,30,63
27,2,2010,54,56,110,46,28,74
28,2,2010,52,39,91,36,27,63
1,3,2010,62,54,116,34,28,62
2,3,2010,89,92,181,48,34,82
3,3,2010,83,87,170,33,22,55
4,3,2010,103,65,168,23,18,41
5,3,2010,97,79,176,38,37,75
6,3,2010,64,68,132,40,31,71
7,3,2010,47,65,112,38,33,71
8,3,2010,70,59,129,39,23,62
9,3,2010,89,68,157,44,32,76
10,3,2010,93,92,185,39,21,60
11,3,2010,92,61,153,31,34,65
12,3,2010,56,78,134,29,25,54
13,3,2010,78,65,143,38,18,56
14,3,2010,48,56,104,23,28,51
15,3,2010,64,54,118,46,28,74
16,3,2010,95,73,168,34,25,59
17,3,2010,78,72,150,40,27,67
18,3,2010,88,83,171,28,37,65
19,3,2010,101,67,168,31,29,60
20,3,2010,76,74,150,36,26,62
21,3,2010,68,49,117,54,36,90
22,3,2010,86,72,158,52,22,74
23,3,2010,73,75,148,33,26,59
24,3,2010,96,113,209,50,26,76
25,3,2010,69,72,141,51,37,88
26,3,2010,92,56,148,28,30,58
27,3,2010,60,53,113,32,29,61
28,3,2010,52,53,105,34,28,62
29,3,2010,74,74,148,36,26,62
30,3,2010,80,70,150,27,35,62
31,3,2010,79,56,135,34,28,62
1,4,2010,80,58,138,47,30,77
2,4,2010,75,83,158,32,22,54
3,4,2010,74,62,136,44,12,56
4,4,2010,56,41,97,39,28,67
5,4,2010,95,80,175,27,36,63
6,4,2010,85,68,153,44,29,73
7,4,2010,66,63,129,41,20,61
8,4,2010,95,76,171,40,36,76
9,4,2010,67,61,128,35,37,72
10,4,2010,82,47,129,46,36,82
11,4,2010,64,48,112,33,22,55
12,4,2010,76,69,145,44,25,69
13,4,2010,82,77,159,46,31,77
14,4,2010,64,46,110,43,35,78
15,4,2010,78,66,144,59,34,93
16,4,2010,80,64,144,49,44,93
17,4,2010,82,59,141,34,30,64
18,4,2010,57,34,91,42,32,74
19,4,2010,67,59,126,41,44,85
20,4,2010,88,66,154,39,27,66
21,4,2010,78,58,136,31,28,59
22,4,2010,85,70,155,35,32,67
23,4,2010,77,70,147,46,36,82
24,4,2010,64,40,104,51,21,72
25,4,2010,65,44,109,46,18,64
26,4,2010,61,56,117,47,40,87
27,4,2010,69,60,129,43,25,68
28,4,2010,80,62,142,60,33,93
29,4,2010,72,58,130,51,32,83
30,4,2010,80,64,144,39,21,60
1,5,2010,73,54,127,38,23,61
2,5,2010,53,33,86,37,14,51
3,5,2010,73,58,131,38,26,64
4,5,2010,79,71,150,51,27,78
5,5,2010,85,62,147,41,22,63
6,5,2010,68,55,123,37,29,66
7,5,2010,94,70,164,31,33,64
8,5,2010,65,45,110,37,19,56
9,5,2010,49,51,100,45,28,73
10,5,2010,70,52,122,52,30,82
11,5,2010,65,81,146,30,33,63
12,5,2010,75,59,134,31,28,59
13,5,2010,58,49,107,42,34,76
14,5,2010,63,63,126,39,24,63
15,5,2010,56,60,116,42,21,63
16,5,2010,60,54,114,34,28,62
17,5,2010,72,69,141,28,28,56
18,5,2010,82,69,151,38,25,63
19,5,2010,71,73,144,54,43,97
20,5,2010,68,56,124,38,34,72
21,5,2010,75,72,147,38,18,56
22,5,2010,62,64,126,40,20,60
23,5,2010,47,61,108,31,24,55
24,5,2010,68,53,121,45,16,61
25,5,2010,73,72,145,30,32,62
26,5,2010,75,41,116,45,30,75
27,5,2010,68,70,138,36,32,68
28,5,2010,87,59,146,34,20,54
29,5,2010,60,60,120,45,31,76
30,5,2010,51,49,100,52,17,69
31,5,2010,57,52,109,36,22,58
1,6,2010,75,60,135,36,31,67
2,6,2010,65,70,135,51,34,85
3,6,2010,62,51,113,38,35,73
4,6,2010,79,58,137,39,28,67
5,6,2010,55,61,116,42,30,72
6,6,2010,43,34,77,32,29,61
7,6,2010,62,49,111,40,18,58
8,6,2010,71,64,135,34,25,59
9,6,2010,66,68,134,49,30,79
10,6,2010,61,68,129,45,26,71
11,6,2010,81,59,140,40,28,68
12,6,2010,49,36,85,43,22,65
13,6,2010,50,42,92,37,20,57
14,6,2010,58,47,105,49,26,75
15,6,2010,70,49,119,50,19,69
16,6,2010,74,64,138,41,16,57
17,6,2010,66,46,112,34,27,61
18,6,2010,70,76,146,53,25,78
19,6,2010,63,64,127,48,29,77
20,6,2010,56,40,96,27,28,55
21,6,2010,65,51,116,33,21,54
22,6,2010,82,63,145,36,28,64
23,6,2010,62,37,99,29,21,50
24,6,2010,63,90,153,42,21,63
25,6,2010,72,63,135,41,26,67
26,6,2010,72,56,128,40,33,73
27,6,2010,69,56,125,60,32,92
28,6,2010,69,67,136,35,25,60
29,6,2010,66,66,132,50,21,71
30,6,2010,75,62,137,33,27,60
1,7,2010,82,64,146,43,16,59
2,7,2010,81,72,153,40,24,64
3,7,2010,64,55,119,37,35,72
4,7,2010,52,49,101,52,41,93
5,7,2010,69,66,135,33,20,53
6,7,2010,88,64,152,43,30,73
7,7,2010,73,60,133,45,22,67
8,7,2010,80,61,141,32,38,70
9,7,2010,71,57,128,43,23,66
10,7,2010,62,61,123,45,23,68
11,7,2010,41,41,82,38,28,66
12,7,2010,67,54,121,48,15,63
13,7,2010,78,65,143,45,31,76
14,7,2010,66,68,134,37,29,66
15,7,2010,77,62,139,42,37,79
16,7,2010,79,69,148,43,32,75
17,7,2010,67,53,120,40,33,73
18,7,2010,58,51,109,64,21,85
19,7,2010,90,51,141,39,44,83
20,7,2010,59,70,129,42,35,77
21,7,2010,92,75,167,43,32,75
22,7,2010,75,48,123,50,22,72
23,7,2010,47,63,110,45,35,80
24,7,2010,50,65,115,38,33,71
25,7,2010,60,57,117,42,28,70
26,7,2010,64,60,124,45,33,78
27,7,2010,70,78,148,44,25,69
28,7,2010,67,65,132,50,32,82
29,7,2010,71,53,124,59,40,99
30,7,2010,70,74,144,51,35,86
31,7,2010,64,60,124,58,29,87
1,8,2010,46,50,96,45,25,70
2,8,2010,71,61,132,57,34,91
3,8,2010,84,64,148,43,33,76
4,8,2010,78,65,143,41,25,66
5,8,2010,62,76,138,46,24,70
6,8,2010,90,75,165,57,27,84
7,8,2010,69,75,144,48,40,88
8,8,2010,51,58,109,49,31,80
9,8,2010,69,63,132,45,35,80
10,8,2010,83,67,150,57,36,93
11,8,2010,85,78,163,53,34,87
12,8,2010,81,75,156,44,34,78
13,8,2010,80,74,154,46,30,76
14,8,2010,84,55,139,46,26,72
15,8,2010,68,62,130,37,41,78
16,8,2010,80,71,151,61,43,104
17,8,2010,85,70,155,47,25,72
18,8,2010,82,68,150,48,36,84
19,8,2010,67,73,140,56,36,92
20,8,2010,96,76,172,57,33,90
21,8,2010,71,60,131,49,44,93
22,8,2010,41,40,81,57,29,86
23,8,2010,96,70,166,41,29,70
24,8,2010,71,68,139,44,33,77
25,8,2010,72,78,150,50,41,91
26,8,2010,89,63,152,41,31,72
27,8,2010,80,59,139,48,38,86
28,8,2010,67,76,143,36,38,74
29,8,2010,56,57,113,49,26,75
30,8,2010,73,73,146,47,21,68
31,8,2010,85,64,149,65,28,93
1,9,2010,117,84,201,46,36,82
2,9,2010,90,92,182,47,34,81
3,9,2010,88,65,153,46,42,88
4,9,2010,66,68,134,43,29,72
5,9,2010,48,45,93,48,32,80
6,9,2010,86,71,157,47,31,78
7,9,2010,91,75,166,66,35,101
8,9,2010,73,63,136,45,31,76
9,9,2010,98,83,181,51,29,80
10,9,2010,70,89,159,63,34,97
11,9,2010,90,88,178,43,29,72
12,9,2010,75,61,136,49,42,91
13,9,2010,83,51,134,48,40,88
14,9,2010,87,62,149,52,27,79
15,9,2010,74,67,141,47,26,73
16,9,2010,93,68,161,44,35,79
17,9,2010,91,118,209,37,37,74
18,9,2010,79,80,159,45,30,75
19,9,2010,65,63,128,49,32,81
20,9,2010,100,77,177,44,43,87
21,9,2010,85,105,190,53,35,88
22,9,2010,98,73,171,49,31,80
23,9,2010,76,63,139,62,33,95
24,9,2010,92,75,167,51,30,81
25,9,2010,74,69,143,56,28,84
26,9,2010,76,64,140,38,32,70
27,9,2010,78,80,158,35,35,70
28,9,2010,87,83,170,42,27,69
29,9,2010,83,73,156,51,37,88
30,9,2010,94,80,174,64,24,88
1,10,2010,87,78,165,51,37,88
2,10,2010,79,77,156,33,30,63
3,10,2010,62,51,113,45,36,81
4,10,2010,100,75,175,35,27,62
5,10,2010,93,97,190,49,28,77
6,10,2010,92,83,175,59,32,91
7,10,2010,86,62,148,57,37,94
8,10,2010,113,71,184,34,34,68
9,10,2010,98,96,194,53,18,71
10,10,2010,78,47,125,37,24,61
11,10,2010,82,70,152,50,30,80
12,10,2010,84,94,178,35,28,63
13,10,2010,67,65,132,37,30,67
14,10,2010,85,94,179,57,30,87
15,10,2010,96,79,175,24,24,48
16,10,2010,70,71,141,38,22,60
17,10,2010,68,73,141,39,30,69
18,10,2010,102,79,181,53,32,85
19,10,2010,116,77,193,62,23,85
20,10,2010,120,84,204,34,34,68
21,10,2010,94,79,173,42,38,80
22,10,2010,91,79,170,36,20,56
23,10,2010,97,63,160,44,29,73
24,10,2010,58,53,111,32,20,52
25,10,2010,76,81,157,28,33,61
26,10,2010,103,114,217,39,27,66
27,10,2010,84,91,175,48,37,85
28,10,2010,85,90,175,46,34,80
29,10,2010,96,76,172,49,25,74
30,10,2010,88,69,157,23,24,47
31,10,2010,68,57,125,44,26,70
1,11,2010,100,90,190,44,39,83
2,11,2010,96,77,173,39,36,75
3,11,2010,104,85,189,37,32,69
4,11,2010,67,74,141,38,22,60
5,11,2010,67,56,123,60,21,81
6,11,2010,77,67,144,41,23,64
7,11,2010,79,67,146,38,31,69
8,11,2010,71,56,127,46,28,74
9,11,2010,86,96,182,50,41,91
10,11,2010,94,78,172,45,21,66
11,11,2010,89,79,168,48,34,82
12,11,2010,77,87,164,45,49,94
13,11,2010,79,67,146,32,36,68
14,11,2010,72,71,143,31,18,49
15,11,2010,71,72,143,49,29,78
16,11,2010,98,58,156,53,31,84
17,11,2010,77,82,159,39,34,73
18,11,2010,91,80,171,39,30,69
19,11,2010,95,78,173,40,31,71
20,11,2010,60,65,125,32,29,61
21,11,2010,56,70,126,46,26,72
22,11,2010,84,58,142,35,27,62
23,11,2010,79,88,167,38,30,68
24,11,2010,72,78,150,56,30,86
25,11,2010,83,81,164,37,29,66
26,11,2010,84,53,137,56,29,85
27,11,2010,74,65,139,34,21,55
28,11,2010,59,36,95,43,31,74
29,11,2010,83,72,155,44,32,76
30,11,2010,99,77,176,50,33,83
1,12,2010,71,78,149,43,33,76
2,12,2010,89,85,174,40,27,67
3,12,2010,80,77,157,67,25,92
4,12,2010,67,56,123,48,21,69
5,12,2010,54,42,96,31,34,65
6,12,2010,72,79,151,33,29,62
7,12,2010,78,69,147,46,23,69
8,12,2010,76,73,149,48,37,85
9,12,2010,80,65,145,41,33,74
10,12,2010,80,75,155,50,30,80
11,12,2010,79,73,152,33,31,64
12,12,2010,76,57,133,48,36,84
13,12,2010,89,72,161,53,32,85
14,12,2010,73,68,141,49,38,87
15,12,2010,82,73,155,59,45,104
16,12,2010,86,91,177,51,31,82
17,12,2010,72,60,132,58,32,90
18,12,2010,51,65,116,48,36,84
19,12,2010,54,52,106,54,35,89
20,12,2010,67,82,149,69,38,107
21,12,2010,83,78,161,52,37,89
22,12,2010,63,61,124,79,34,113
23,12,2010,83,75,158,49,41,90
24,12,2010,84,68,152,59,36,95
25,12,2010,78,60,138,56,44,100
26,12,2010,51,49,100,50,30,80
27,12,2010,77,68,145,61,37,98
28,12,2010,77,65,142,60,33,93
29,12,2010,59,60,119,57,30,87
30,12,2010,86,73,159,50,34,84
31,12,2010,62,51,113,56,39,95
1,1,2011,99,98,197,44,34,78
2,1,2011,61,48,109,51,43,94
3,1,2011,60,49,109,58,31,89
4,1,2011,66,42,108,54,34,88
5,1,2011,67,75,142,49,35,84
6,1,2011,78,64,142,46,41,87
7,1,2011,71,62,133,65,31,96
8,1,2011,53,52,105,58,33,91
9,1,2011,47,39,86,59,41,100
10,1,2011,69,56,125,59,40,99
11,1,2011,90,73,163,61,53,114
12,1,2011,66,63,129,59,37,96
13,1,2011,80,62,142,55,37,92
14,1,2011,68,64,132,58,32,90
15,1,2011,66,43,109,51,34,85
16,1,2011,50,42,92,54,35,89
17,1,2011,75,63,138,63,42,105
18,1,2011,76,56,132,41,43,84
19,1,2011,72,63,135,40,35,75
20,1,2011,90,78,168,50,50,100
21,1,2011,75,58,133,52,33,85
22,1,2011,68,50,118,52,27,79
23,1,2011,47,38,85,38,41,79
24,1,2011,63,76,139,50,40,90
25,1,2011,71,70,141,56,51,107
26,1,2011,63,61,124,39,38,77
27,1,2011,64,71,135,39,35,74
28,1,2011,80,69,149,48,33,81
29,1,2011,61,46,107,39,29,68
30,1,2011,61,34,95,37,30,67
31,1,2011,52,64,116,39,38,77
1,2,2011,72,62,134,39,27,66
2,2,2011,72,49,121,34,35,69
3,2,2011,67,60,127,44,33,77
4,2,2011,83,78,161,40,30,70
5,2,2011,66,54,120,49,31,80
6,2,2011,54,51,105,48,35,83
7,2,2011,79,64,143,43,33,76
8,2,2011,70,63,133,36,36,72
9,2,2011,61,59,120,44,29,73
10,2,2011,65,66,131,51,36,87
11,2,2011,80,47,127,41,22,63
12,2,2011,62,65,127,42,37,79
13,2,2011,47,52,99,40,23,63
14,2,2011,50,72,122,47,25,72
15,2,2011,81,72,153,52,26,78
16,2,2011,87,65,152,39,15,54
17,2,2011,76,57,133,50,23,73
18,2,2011,65,58,123,36,25,61
19,2,2011,64,65,129,47,32,79
20,2,2011,63,55,118,51,24,75
21,2,2011,70,58,128,45,34,79
22,2,2011,75,63,138,48,24,72
23,2,2011,79,83,162,40,35,75
24,2,2011,78,74,152,43,36,79
25,2,2011,82,70,152,32,34,66
26,2,2011,71,53,124,41,20,61
27,2,2011,58,52,110,33,25,58
28,2,2011,60,69,129,43,33,76
1,3,2011,100,69,169,37,29,66
2,3,2011,90,74,164,30,37,67
3,3,2011,67,65,132,41,19,60
4,3,2011,74,53,127,42,28,70
5,3,2011,90,69,159,37,41,78
6,3,2011,63,59,122,36,29,65
7,3,2011,75,78,153,54,31,85
8,3,2011,104,78,182,54,27,81
9,3,2011,84,64,148,38,29,67
10,3,2011,88,65,153,37,21,58
11,3,2011,89,71,160,45,35,80
12,3,2011,85,71,156,35,28,63
13,3,2011,70,49,119,39,27,66
14,3,2011,79,65,144,41,29,70
15,3,2011,106,88,194,47,29,76
16,3,2011,72,83,155,55,27,82
17,3,2011,81,81,162,44,22,66
18,3,2011,92,83,175,60,21,81
19,3,2011,73,59,132,34,35,69
20,3,2011,65,41,106,52,27,79
21,3,2011,75,72,147,41,37,78
22,3,2011,94,93,187,43,33,76
23,3,2011,89,74,163,34,20,54
24,3,2011,91,79,170,33,23,56
25,3,2011,89,69,158,44,27,71
26,3,2011,76,62,138,47,23,70
27,3,2011,51,42,93,44,29,73
28,3,2011,77,59,136,33,32,65
29,3,2011,92,83,175,52,28,80
30,3,2011,78,78,156,31,29,60
31,3,2011,84,64,148,42,30,72
1,4,2011,78,71,149,45,26,71
2,4,2011,64,53,117,37,29,66
3,4,2011,39,50,89,38,35,73
4,4,2011,94,66,160,30,30,60
5,4,2011,94,79,173,37,29,66
6,4,2011,78,80,158,42,28,70
7,4,2011,68,50,118,41,37,78
8,4,2011,96,77,173,39,34,73
9,4,2011,81,68,149,43,32,75
10,4,2011,52,45,97,43,32,75
11,4,2011,68,60,128,42,25,67
12,4,2011,114,97,211,31,31,62
13,4,2011,82,61,143,37,35,72
14,4,2011,71,83,154,41,33,74
15,4,2011,78,80,158,28,30,58
16,4,2011,80,74,154,44,30,74
17,4,2011,46,40,86,42,25,67
18,4,2011,90,65,155,55,31,86
19,4,2011,83,89,172,38,43,81
20,4,2011,79,78,157,53,21,74
21,4,2011,91,72,163,35,27,62
22,4,2011,72,64,136,47,30,77
23,4,2011,65,66,131,43,19,62
24,4,2011,48,50,98,34,21,55
25,4,2011,71,72,143,32,23,55
26,4,2011,77,69,146,40,29,69
27,4,2011,78,70,148,46,32,78
28,4,2011,68,53,121,40,30,70
29,4,2011,87,78,165,39,19,58
30,4,2011,58,42,100,39,25,64
1,5,2011,53,49,102,39,36,75
2,5,2011,65,57,122,45,25,70
3,5,2011,73,72,145,32,35,67
4,5,2011,87,77,164,26,28,54
5,5,2011,82,75,157,44,31,75
6,5,2011,85,75,160,41,27,68
7,5,2011,76,50,126,46,37,83
8,5,2011,54,54,108,26,27,53
9,5,2011,81,61,142,40,26,66
10,5,2011,71,66,137,46,23,69
11,5,2011,68,70,138,41,19,60
12,5,2011,83,70,153,41,25,66
13,5,2011,62,58,120,33,33,66
14,5,2011,74,53,127,36,25,61
15,5,2011,46,49,95,41,17,58
16,5,2011,72,68,140,28,24,52
17,5,2011,70,69,139,38,26,64
18,5,2011,75,78,153,42,19,61
19,5,2011,67,60,127,33,28,61
20,5,2011,71,65,136,52,19,71
21,5,2011,74,66,140,32,30,62
22,5,2011,54,40,94,22,29,51
23,5,2011,63,63,126,33,30,63
24,5,2011,92,73,165,41,40,81
25,5,2011,88,56,144,42,29,71
26,5,2011,72,69,141,36,24,60
27,5,2011,73,59,132,41,30,71
28,5,2011,73,74,147,47,29,76
29,5,2011,52,54,106,39,26,65
30,5,2011,91,64,155,32,27,59
31,5,2011,66,62,128,39,34,73
1,6,2011,62,71,133,42,32,74
2,6,2011,57,73,130,41,35,76
3,6,2011,81,66,147,27,22,49
4,6,2011,57,51,108,44,30,74
5,6,2011,62,54,116,34,21,55
6,6,2011,90,79,169,40,28,68
7,6,2011,71,68,139,30,27,57
8,6,2011,85,64,149,40,27,67
9,6,2011,80,59,139,44,23,67
10,6,2011,77,60,137,27,25,52
11,6,2011,98,61,159,40,30,70
12,6,2011,50,41,91,31,26,57
13,6,2011,76,68,144,50,27,77
14,6,2011,65,64,129,38,35,73
15,6,2011,46,57,103,55,36,91
16,6,2011,61,60,121,35,38,73
17,6,2011,87,72,159,44,33,77
18,6,2011,69,77,146,45,29,74
19,6,2011,67,57,124,37,21,58
20,6,2011,69,61,130,44,28,72
21,6,2011,65,70,135,42,29,71
22,6,2011,76,60,136,38,30,68
23,6,2011,48,67,115,33,29,62
24,6,2011,80,70,150,53,33,86
25,6,2011,78,65,143,55,26,81
26,6,2011,56,50,106,33,28,61
27,6,2011,85,61,146,36,34,70
28,6,2011,81,58,139,32,25,57
29,6,2011,77,50,127,40,35,75
30,6,2011,71,42,113,47,38,85
1,7,2011,80,59,139,32,27,59
2,7,2011,82,75,157,54,28,82
3,7,2011,59,56,115,40,28,68
4,7,2011,63,52,115,51,32,83
5,7,2011,76,79,155,41,27,68
6,7,2011,56,72,128,42,28,70
7,7,2011,75,68,143,35,29,64
8,7,2011,88,70,158,37,34,71
9,7,2011,66,55,121,54,36,90
10,7,2011,58,54,112,46,28,74
11,7,2011,71,70,141,43,32,75
12,7,2011,71,79,150,54,41,95
13,7,2011,67,66,133,38,28,66
14,7,2011,79,59,138,47,30,77
15,7,2011,87,68,155,32,32,64
16,7,2011,82,59,141,56,26,82
17,7,2011,49,36,85,48,35,83
18,7,2011,74,63,137,41,34,75
19,7,2011,78,63,141,52,26,78
20,7,2011,102,66,168,50,29,79
21,7,2011,72,58,130,40,36,76
22,7,2011,80,70,150,58,31,89
23,7,2011,74,66,140,35,42,77
24,7,2011,67,42,109,30,43,73
25,7,2011,63,73,136,52,40,92
26,7,2011,64,76,140,52,38,90
27,7,2011,80,76,156,55,38,93
28,7,2011,70,64,134,58,43,101
29,7,2011,68,66,134,51,33,84
30,7,2011,51,50,101,42,39,81
31,7,2011,57,29,86,44,29,73
1,8,2011,78,73,151,42,28,70
2,8,2011,95,74,169,51,40,91
3,8,2011,82,64,146,61,34,95
4,8,2011,64,75,139,43,23,66
5,8,2011,79,69,148,58,37,95
6,8,2011,60,62,122,39,30,69
7,8,2011,56,51,107,38,30,68
8,8,2011,82,64,146,42,41,83
9,8,2011,79,72,151,51,35,86
10,8,2011,66,63,129,49,30,79
11,8,2011,81,76,157,38,30,68
12,8,2011,80,78,158,42,37,79
13,8,2011,43,52,95,45,23,68
14,8,2011,49,44,93,50,37,87
15,8,2011,86,81,167,52,28,80
16,8,2011,88,63,151,42,27,69
17,8,2011,84,74,158,40,37,77
18,8,2011,88,74,162,49,35,84
19,8,2011,96,57,153,46,42,88
20,8,2011,67,63,130,38,23,61
21,8,2011,65,49,114,60,45,105
22,8,2011,66,73,139,59,22,81
23,8,2011,84,68,152,49,23,72
24,8,2011,84,71,155,44,35,79
25,8,2011,78,76,154,37,35,72
26,8,2011,78,70,148,37,34,71
27,8,2011,69,70,139,53,32,85
28,8,2011,58,52,110,45,33,78
29,8,2011,65,71,136,43,24,67
30,8,2011,76,69,145,45,28,73
31,8,2011,75,65,140,50,28,78
1,9,2011,77,85,162,43,30,73
2,9,2011,100,70,170,48,40,88
3,9,2011,83,70,153,43,38,81
4,9,2011,59,61,120,45,27,72
5,9,2011,63,71,134,37,43,80
6,9,2011,77,66,143,49,28,77
7,9,2011,98,83,181,53,31,84
8,9,2011,81,78,159,46,30,76
9,9,2011,88,92,180,48,33,81
10,9,2011,91,74,165,41,26,67
11,9,2011,61,51,112,54,15,69
12,9,2011,88,64,152,41,38,79
13,9,2011,97,67,164,52,31,83
14,9,2011,95,76,171,52,29,81
15,9,2011,92,96,188,55,26,81
16,9,2011,104,91,195,37,43,80
17,9,2011,74,64,138,35,32,67
18,9,2011,59,73,132,40,24,64
19,9,2011,80,81,161,54,32,86
20,9,2011,98,84,182,51,34,85
21,9,2011,96,87,183,41,32,73
22,9,2011,93,83,176,54,20,74
23,9,2011,73,66,139,44,28,72
24,9,2011,76,53,129,76,28,104
25,9,2011,69,54,123,39,30,69
26,9,2011,83,75,158,54,37,91
27,9,2011,85,64,149,42,32,74
28,9,2011,115,91,206,47,42,89
29,9,2011,99,97,196,51,33,84
30,9,2011,103,68,171,48,27,75
1,10,2011,97,97,194,48,30,78
2,10,2011,95,60,155,41,33,74
3,10,2011,85,52,137,42,33,75
4,10,2011,97,79,176,28,32,60
5,10,2011,103,92,195,50,35,85
6,10,2011,110,87,197,38,27,65
7,10,2011,100,81,181,33,27,60
8,10,2011,95,78,173,46,29,75
9,10,2011,66,52,118,48,24,72
10,10,2011,90,90,180,41,38,79
11,10,2011,102,75,177,77,29,106
12,10,2011,94,105,199,46,39,85
13,10,2011,104,87,191,45,33,78
14,10,2011,113,99,212,35,24,59
15,10,2011,91,87,178,39,30,69
16,10,2011,69,64,133,48,33,81
17,10,2011,105,75,180,48,36,84
18,10,2011,88,71,159,43,40,83
19,10,2011,82,96,178,51,28,79
20,10,2011,120,111,231,39,32,71
21,10,2011,100,89,189,49,29,78
22,10,2011,108,76,184,46,17,63
23,10,2011,73,73,146,39,23,62
24,10,2011,90,74,164,41,16,57
25,10,2011,71,87,158,39,17,56
26,10,2011,55,60,115,51,25,76
27,10,2011,99,80,179,43,34,77
28,10,2011,78,62,140,32,24,56
29,10,2011,83,75,158,37,30,67
30,10,2011,77,50,127,43,28,71
31,10,2011,74,82,156,41,29,70
1,11,2011,115,102,217,45,33,78
2,11,2011,100,88,188,47,33,80
3,11,2011,87,107,194,48,30,78
4,11,2011,98,77,175,42,29,71
5,11,2011,71,85,156,43,37,80
6,11,2011,67,79,146,35,30,65
7,11,2011,80,82,162,51,18,69
8,11,2011,84,84,168,36,34,70
9,11,2011,76,90,166,37,33,70
10,11,2011,78,83,161,44,35,79
11,11,2011,173,125,298,49,31,80
12,11,2011,77,62,139,40,24,64
13,11,2011,50,48,98,37,35,72
14,11,2011,100,100,200,47,24,71
15,11,2011,86,97,183,39,20,59
16,11,2011,83,100,183,36,27,63
17,11,2011,93,71,164,49,22,71
18,11,2011,95,86,181,39,26,65
19,11,2011,78,75,153,40,29,69
20,11,2011,61,77,138,50,49,99
21,11,2011,69,86,155,56,31,87
22,11,2011,86,86,172,55,37,92
23,11,2011,102,87,189,49,25,74
24,11,2011,92,77,169,37,29,66
25,11,2011,102,70,172,33,28,61
26,11,2011,90,87,177,42,28,70
27,11,2011,75,83,158,46,25,71
28,11,2011,104,74,178,71,25,96
29,11,2011,96,71,167,58,31,89
30,11,2011,107,102,209,48,32,80
1,12,2011,109,89,198,55,36,91
2,12,2011,86,65,151,49,24,73
3,12,2011,92,79,171,42,23,65
4,12,2011,71,62,133,35,32,67
5,12,2011,79,65,144,46,27,73
6,12,2011,101,86,187,47,43,90
7,12,2011,95,77,172,42,26,68
8,12,2011,73,83,156,46,32,78
9,12,2011,92,72,164,33,23,56
10,12,2011,68,69,137,39,28,67
11,12,2011,57,59,116,33,30,63
12,12,2011,97,95,192,54,34,88
13,12,2011,84,92,176,40,25,65
14,12,2011,97,88,185,54,34,88
15,12,2011,84,69,153,41,34,75
16,12,2011,76,79,155,48,32,80
17,12,2011,65,83,148,52,24,76
18,12,2011,62,66,128,53,25,78
19,12,2011,80,84,164,47,32,79
20,12,2011,93,73,166,42,38,80
21,12,2011,88,81,169,54,32,86
22,12,2011,81,88,169,59,38,97
23,12,2011,81,70,151,40,33,73
24,12,2011,62,55,117,44,37,81
25,12,2011,72,71,143,38,23,61
26,12,2011,77,87,164,49,35,84
27,12,2011,81,72,153,38,31,69
28,12,2011,82,68,150,48,33,81
29,12,2011,70,79,149,46,31,77
30,12,2011,64,61,125,59,45,104
31,12,2011,74,84,158,40,33,73
1,1,2012,78,64,142,60,29,89
2,1,2012,91,83,174,54,40,94
3,1,2012,90,80,170,44,35,79
4,1,2012,67,70,137,63,25,88
5,1,2012,86,68,154,40,31,71
6,1,2012,80,78,158,40,43,83
7,1,2012,78,75,153,47,48,95
8,1,2012,72,46,118,43,30,73
9,1,2012,55,76,131,37,34,71
10,1,2012,80,80,160,48,21,69
11,1,2012,77,81,158,61,48,109
12,1,2012,70,88,158,43,25,68
13,1,2012,95,86,181,48,40,88
14,1,2012,61,60,121,51,37,88
15,1,2012,38,55,93,50,34,84
16,1,2012,66,78,144,53,38,91
17,1,2012,94,79,173,58,26,84
18,1,2012,72,76,148,51,30,81
19,1,2012,87,68,155,56,42,98
20,1,2012,72,82,154,54,23,77
21,1,2012,79,58,137,43,37,80
22,1,2012,53,53,106,47,37,84
23,1,2012,67,81,148,50,46,96
24,1,2012,92,88,180,49,37,86
25,1,2012,79,77,156,49,46,95
26,1,2012,88,76,164,68,29,97
27,1,2012,85,65,150,47,30,77
28,1,2012,83,73,156,49,39,88
29,1,2012,44,54,98,51,30,81
30,1,2012,73,67,140,48,34,82
31,1,2012,70,77,147,47,37,84
1,2,2012,79,83,162,53,25,78
2,2,2012,84,87,171,43,34,77
3,2,2012,72,71,143,48,35,83
4,2,2012,61,77,138,48,39,87
5,2,2012,58,58,116,47,33,80
6,2,2012,87,72,159,45,43,88
7,2,2012,88,65,153,51,34,85
8,2,2012,79,69,148,45,33,78
9,2,2012,77,78,155,38,40,78
10,2,2012,90,98,188,53,33,86
11,2,2012,83,67,150,48,33,81
12,2,2012,63,57,120,44,31,75
13,2,2012,70,79,149,46,31,77
14,2,2012,102,96,198,42,34,76
15,2,2012,110,75,185,42,30,72
16,2,2012,85,76,161,48,49,97
17,2,2012,78,79,157,53,24,77
18,2,2012,73,91,164,58,33,91
19,2,2012,64,68,132,45,42,87
20,2,2012,97,111,208,39,32,71
21,2,2012,86,87,173,44,29,73
22,2,2012,76,72,148,42,37,79
23,2,2012,96,81,177,31,28,59
24,2,2012,79,81,160,36,39,75
25,2,2012,89,69,158,48,36,84
26,2,2012,60,51,111,44,21,65
27,2,2012,78,66,144,42,28,70
28,2,2012,101,80,181,31,33,64
29,2,2012,70,70,140,45,28,73
1,3,2012,106,93,199,39,30,69
2,3,2012,87,67,154,40,26,66
3,3,2012,80,67,147,44,33,77
4,3,2012,64,62,126,39,41,80
5,3,2012,96,87,183,44,36,80
6,3,2012,83,102,185,48,32,80
7,3,2012,76,76,152,51,24,75
8,3,2012,86,77,163,44,50,94
9,3,2012,95,91,186,48,40,88
10,3,2012,73,80,153,51,22,73
11,3,2012,68,57,125,32,26,58
12,3,2012,74,79,153,26,30,56
13,3,2012,86,77,163,45,33,78
14,3,2012,88,84,172,41,30,71
15,3,2012,77,63,140,52,25,77
16,3,2012,87,76,163,56,39,95
17,3,2012,66,62,128,53,27,80
18,3,2012,72,56,128,36,34,70
19,3,2012,89,86,175,42,43,85
20,3,2012,96,67,163,45,32,77
21,3,2012,81,75,156,43,37,80
22,3,2012,76,74,150,27,30,57
23,3,2012,119,104,223,39,34,73
24,3,2012,99,64,163,45,40,85
25,3,2012,63,57,120,35,28,63
26,3,2012,80,72,152,49,35,84
27,3,2012,81,84,165,42,38,80
28,3,2012,94,71,165,55,26,81
29,3,2012,100,80,180,39,33,72
30,3,2012,99,99,198,43,30,73
31,3,2012,79,74,153,49,36,85
1,4,2012,72,59,131,44,26,70
2,4,2012,72,80,152,46,31,77
3,4,2012,93,79,172,43,33,76
4,4,2012,83,100,183,48,29,77
5,4,2012,89,78,167,46,27,73
6,4,2012,86,76,162,39,31,70
7,4,2012,87,83,170,48,23,71
8,4,2012,57,68,125,44,32,76
9,4,2012,91,90,181,39,31,70
10,4,2012,92,76,168,49,27,76
11,4,2012,94,87,181,51,29,80
12,4,2012,72,74,146,43,32,75
13,4,2012,87,87,174,43,23,66
14,4,2012,83,77,160,40,27,67
15,4,2012,64,59,123,48,34,82
16,4,2012,102,91,193,36,28,64
17,4,2012,87,99,186,37,27,64
18,4,2012,91,102,193,59,30,89
19,4,2012,78,84,162,41,33,74
20,4,2012,66,66,132,42,33,75
21,4,2012,68,63,131,57,29,86
22,4,2012,53,54,107,42,35,77
23,4,2012,70,65,135,46,18,64
24,4,2012,118,97,215,35,25,60
25,4,2012,78,66,144,46,34,80
26,4,2012,85,66,151,41,35,76
27,4,2012,72,58,130,50,31,81
28,4,2012,76,79,155,51,27,78
29,4,2012,61,45,106,41,31,72
30,4,2012,64,68,132,32,28,60
1,5,2012,69,85,154,47,39,86
2,5,2012,77,73,150,48,34,82
3,5,2012,80,67,147,44,31,75
4,5,2012,84,83,167,34,29,63
5,5,2012,77,66,143,37,33,70
6,5,2012,46,48,94,40,25,65
7,5,2012,75,68,143,27,24,51
8,5,2012,83,78,161,41,20,61
9,5,2012,97,62,159,42,26,68
10,5,2012,93,90,183,46,26,72
11,5,2012,91,60,151,35,31,66
12,5,2012,78,78,156,37,33,70
13,5,2012,53,60,113,41,31,72
14,5,2012,85,73,158,39,30,69
15,5,2012,86,88,174,43,31,74
16,5,2012,96,68,164,37,33,70
17,5,2012,78,62,140,34,24,58
18,5,2012,93,82,175,32,22,54
19,5,2012,70,81,151,50,27,77
20,5,2012,65,50,115,34,31,65
21,5,2012,70,78,148,40,25,65
22,5,2012,108,84,192,35,37,72
23,5,2012,95,88,183,42,17,59
24,5,2012,80,86,166,41,22,63
25,5,2012,77,78,155,35,31,66
26,5,2012,77,78,155,42,26,68
27,5,2012,48,57,105,37,28,65
28,5,2012,69,83,152,43,33,76
29,5,2012,91,78,169,50,17,67
30,5,2012,88,64,152,41,29,70
31,5,2012,70,69,139,35,36,71
1,6,2012,89,56,145,41,21,62
2,6,2012,72,77,149,35,36,71
3,6,2012,54,49,103,35,34,69
4,6,2012,59,75,134,41,25,66
5,6,2012,72,77,149,38,28,66
6,6,2012,79,73,152,41,34,75
7,6,2012,94,78,172,53,27,80
8,6,2012,83,61,144,42,26,68
9,6,2012,68,57,125,42,38,80
10,6,2012,41,43,84,26,29,55
11,6,2012,88,79,167,41,20,61
12,6,2012,77,82,159,39,31,70
13,6,2012,81,70,151,39,23,62
14,6,2012,75,63,138,48,27,75
15,6,2012,83,78,161,36,25,61
16,6,2012,77,62,139,37,33,70
17,6,2012,54,63,117,38,9,47
18,6,2012,78,70,148,38,26,64
19,6,2012,64,64,128,29,22,51
20,6,2012,66,77,143,54,29,83
21,6,2012,71,67,138,46,32,78
22,6,2012,76,94,170,47,32,79
23,6,2012,80,69,149,43,24,67
24,6,2012,61,63,124,27,29,56
25,6,2012,64,64,128,35,29,64
26,6,2012,70,80,150,30,16,46
27,6,2012,82,77,159,30,21,51
28,6,2012,85,83,168,37,18,55
29,6,2012,70,75,145,39,28,67
30,6,2012,76,53,129,58,34,92
1,7,2012,58,48,106,37,40,77
2,7,2012,69,73,142,41,33,74
3,7,2012,72,71,143,42,34,76
4,7,2012,77,60,137,33,17,50
5,7,2012,63,69,132,39,33,72
6,7,2012,104,101,205,42,24,66
7,7,2012,86,72,158,42,28,70
8,7,2012,63,64,127,36,30,66
9,7,2012,78,68,146,42,42,84
10,7,2012,70,60,130,44,25,69
11,7,2012,79,68,147,33,26,59
12,7,2012,86,101,187,42,20,62
13,7,2012,72,63,135,39,31,70
14,7,2012,65,66,131,45,26,71
15,7,2012,79,58,137,34,27,61
16,7,2012,72,81,153,35,29,64
17,7,2012,81,67,148,44,18,62
18,7,2012,76,67,143,44,27,71
19,7,2012,82,70,152,55,24,79
20,7,2012,93,90,183,46,28,74
21,7,2012,90,60,150,36,25,61
22,7,2012,70,67,137,32,23,55
23,7,2012,90,73,163,39,21,60
24,7,2012,67,70,137,37,25,62
25,7,2012,71,71,142,35,29,64
26,7,2012,65,79,144,49,22,71
27,7,2012,78,83,161,28,35,63
28,7,2012,55,62,117,36,29,65
29,7,2012,52,48,100,30,31,61
30,7,2012,59,83,142,43,33,76
31,7,2012,78,71,149,50,29,79
1,8,2012,68,64,132,50,22,72
2,8,2012,93,77,170,47,21,68
3,8,2012,83,72,155,47,25,72
4,8,2012,90,58,148,36,38,74
5,8,2012,70,63,133,50,31,81
6,8,2012,72,66,138,45,34,79
7,8,2012,90,91,181,42,32,74
8,8,2012,82,74,156,44,31,75
9,8,2012,109,94,203,59,28,87
10,8,2012,85,89,174,36,27,63
11,8,2012,71,79,150,41,28,69
12,8,2012,54,56,110,45,23,68
13,8,2012,88,56,144,42,38,80
14,8,2012,91,72,163,59,29,88
15,8,2012,120,100,220,51,32,83
16,8,2012,75,67,142,33,28,61
17,8,2012,66,71,137,42,26,68
18,8,2012,77,90,167,43,24,67
19,8,2012,66,63,129,43,36,79
20,8,2012,75,81,156,44,26,70
21,8,2012,81,79,160,60,28,88
22,8,2012,93,93,186,60,39,99
23,8,2012,96,89,185,58,32,90
24,8,2012,78,85,163,44,32,76
25,8,2012,79,58,137,47,31,78
26,8,2012,68,62,130,51,30,81
27,8,2012,76,79,155,44,42,86
28,8,2012,105,76,181,57,39,96
29,8,2012,108,92,200,40,39,79
30,8,2012,91,94,185,41,36,77
31,8,2012,66,64,130,44,31,75
1,9,2012,85,75,160,56,35,91
2,9,2012,79,62,141,51,16,67
3,9,2012,94,82,176,41,31,72
4,9,2012,113,84,197,52,28,80
5,9,2012,79,91,170,30,29,59
6,9,2012,94,61,155,36,40,76
7,9,2012,83,65,148,46,30,76
8,9,2012,69,66,135,53,27,80
9,9,2012,59,68,127,47,34,81
10,9,2012,97,73,170,52,37,89
11,9,2012,90,101,191,45,30,75
12,9,2012,91,81,172,39,26,65
13,9,2012,94,89,183,57,33,90
14,9,2012,98,86,184,50,33,83
15,9,2012,70,81,151,40,36,76
16,9,2012,76,51,127,48,41,89
17,9,2012,90,82,172,45,37,82
18,9,2012,109,104,213,60,33,93
19,9,2012,108,92,200,50,34,84
20,9,2012,80,81,161,54,34,88
21,9,2012,90,99,189,40,40,80
22,9,2012,80,72,152,42,40,82
23,9,2012,58,54,112,35,33,68
24,9,2012,99,94,193,60,40,100
25,9,2012,104,96,200,53,43,96
26,9,2012,73,87,160,52,34,86
27,9,2012,109,92,201,46,25,71
28,9,2012,96,97,193,51,32,83
29,9,2012,75,78,153,40,30,70
30,9,2012,78,61,139,46,27,73
1,10,2012,84,77,161,59,28,87
2,10,2012,95,101,196,46,27,73
3,10,2012,95,88,183,48,32,80
4,10,2012,94,74,168,32,44,76
5,10,2012,90,112,202,46,36,82
6,10,2012,77,77,154,50,41,91
7,10,2012,60,47,107,38,23,61
8,10,2012,98,79,177,34,23,57
9,10,2012,89,95,184,43,33,76
10,10,2012,91,110,201,44,32,76
11,10,2012,76,88,164,49,24,73
12,10,2012,87,83,170,41,26,67
13,10,2012,90,70,160,45,33,78
14,10,2012,83,62,145,37,40,77
15,10,2012,75,67,142,52,30,82
16,10,2012,104,97,201,48,32,80
17,10,2012,91,79,170,48,36,84
18,10,2012,76,91,167,39,30,69
19,10,2012,95,89,184,48,34,82
20,10,2012,75,69,144,43,30,73
21,10,2012,61,58,119,34,25,59
22,10,2012,80,77,157,41,29,70
23,10,2012,88,91,179,44,31,75
24,10,2012,85,103,188,41,27,68
25,10,2012,83,63,146,53,38,91
26,10,2012,126,87,213,32,40,72
27,10,2012,99,60,159,32,27,59
28,10,2012,57,52,109,42,36,78
29,10,2012,99,65,164,39,30,69
30,10,2012,91,99,190,39,24,63
31,10,2012,73,80,153,40,29,69
1,11,2012,105,91,196,30,29,59
2,11,2012,99,94,193,39,33,72
3,11,2012,90,68,158,40,31,71
4,11,2012,62,63,125,40,30,70
5,11,2012,96,80,176,47,37,84
6,11,2012,110,94,204,34,33,67
7,11,2012,96,85,181,42,31,73
8,11,2012,88,120,208,43,32,75
9,11,2012,103,95,198,30,38,68
10,11,2012,97,104,201,44,29,73
11,11,2012,75,64,139,42,28,70
12,11,2012,93,73,166,44,31,75
13,11,2012,56,69,125,49,30,79
14,11,2012,72,75,147,36,28,64
15,11,2012,76,80,156,41,36,77
16,11,2012,78,87,165,48,33,81
17,11,2012,95,71,166,39,25,64
18,11,2012,67,63,130,30,32,62
19,11,2012,74,88,162,45,35,80
20,11,2012,84,79,163,48,25,73
21,11,2012,83,90,173,55,37,92
22,11,2012,95,84,179,48,33,81
23,11,2012,97,76,173,55,31,86
24,11,2012,81,73,154,41,33,74
25,11,2012,57,66,123,52,37,89
26,11,2012,92,78,170,48,38,86
27,11,2012,93,73,166,38,26,64
28,11,2012,93,81,174,36,33,69
29,11,2012,89,71,160,38,26,64
30,11,2012,75,73,148,48,38,86
1,12,2012,61,73,134,53,28,81
2,12,2012,76,87,163,46,28,74
3,12,2012,82,63,145,50,45,95
4,12,2012,100,70,170,39,37,76
5,12,2012,87,77,164,39,29,68
6,12,2012,83,76,159,49,28,77
7,12,2012,108,94,202,53,39,92
8,12,2012,79,69,148,49,37,86
9,12,2012,62,65,127,28,36,64
10,12,2012,81,87,168,35,23,58
11,12,2012,74,93,167,37,28,65
12,12,2012,110,121,231,51,19,70
13,12,2012,70,62,132,35,24,59
14,12,2012,88,74,162,47,30,77
15,12,2012,80,74,154,35,23,58
16,12,2012,74,62,136,26,27,53
17,12,2012,74,63,137,42,31,73
18,12,2012,95,84,179,35,26,61
19,12,2012,74,79,153,46,28,74
20,12,2012,100,76,176,45,23,68
21,12,2012,108,86,194,45,27,72
22,12,2012,83,73,156,54,44,98
23,12,2012,51,55,106,43,40,83
24,12,2012,81,80,161,38,23,61
25,12,2012,89,79,168,49,32,81
26,12,2012,96,74,170,44,28,72
27,12,2012,66,91,157,41,24,65
28,12,2012,68,70,138,52,32,84
29,12,2012,63,60,123,51,34,85
30,12,2012,54,50,104,53,44,97
31,12,2012,76,65,141,60,43,103
1,1,2013,99,114,213,37,36,73
2,1,2013,83,71,154,47,35,82
3,1,2013,95,72,167,42,33,75
4,1,2013,81,81,162,48,44,92
5,1,2013,73,51,124,51,40,91
6,1,2013,59,61,120,47,28,75
7,1,2013,83,65,148,53,40,93
8,1,2013,91,73,164,48,29,77
9,1,2013,67,86,153,47,26,73
10,1,2013,75,78,153,54,36,90
11,1,2013,83,72,155,40,26,66
12,1,2013,88,82,170,56,33,89
13,1,2013,73,46,119,42,27,69
14,1,2013,88,76,164,44,43,87
15,1,2013,82,58,140,53,22,75
16,1,2013,59,84,143,69,31,100
17,1,2013,84,81,165,49,34,83
18,1,2013,88,60,148,42,34,76
19,1,2013,99,59,158,31,36,67
20,1,2013,66,42,108,58,23,81
21,1,2013,63,65,128,52,30,82
22,1,2013,91,79,170,40,34,74
23,1,2013,96,85,181,40,32,72
24,1,2013,83,82,165,38,36,74
25,1,2013,89,84,173,47,43,90
26,1,2013,70,74,144,51,28,79
27,1,2013,60,54,114,44,23,67
28,1,2013,67,58,125,50,28,78
29,1,2013,90,83,173,53,29,82
30,1,2013,100,81,181,44,24,68
31,1,2013,74,72,146,45,36,81
1,2,2013,103,87,190,53,34,87
2,2,2013,69,60,129,55,38,93
3,2,2013,67,57,124,42,40,82
4,2,2013,71,71,142,38,34,72
5,2,2013,94,75,169,56,27,83
6,2,2013,77,65,142,48,24,72
7,2,2013,80,69,149,37,36,73
8,2,2013,81,91,172,48,26,74
9,2,2013,70,62,132,63,36,99
10,2,2013,65,62,127,49,31,80
11,2,2013,92,80,172,45,43,88
12,2,2013,105,91,196,52,35,87
13,2,2013,113,85,198,43,35,78
14,2,2013,101,85,186,42,19,61
15,2,2013,83,81,164,47,32,79
16,2,2013,90,82,172,36,20,56
17,2,2013,54,52,106,41,20,61
18,2,2013,78,72,150,36,20,56
19,2,2013,81,80,161,47,30,77
20,2,2013,103,81,184,37,30,67
21,2,2013,72,98,170,39,33,72
22,2,2013,100,82,182,44,33,77
23,2,2013,86,87,173,53,33,86
24,2,2013,72,59,131,48,35,83
25,2,2013,91,75,166,39,29,68
26,2,2013,103,88,191,45,30,75
27,2,2013,99,91,190,41,27,68
28,2,2013,90,75,165,41,28,69
1,3,2013,108,110,218,26,27,53
2,3,2013,102,95,197,47,32,79
3,3,2013,67,47,114,29,34,63
4,3,2013,99,86,185,46,37,83
5,3,2013,92,83,175,39,34,73
6,3,2013,89,95,184,35,29,64
7,3,2013,81,98,179,54,26,80
8,3,2013,108,78,186,51,28,79
9,3,2013,83,65,148,35,41,76
10,3,2013,61,69,130,44,31,75
11,3,2013,78,69,147,41,32,73
12,3,2013,107,90,197,50,53,103
13,3,2013,102,97,199,53,33,86
14,3,2013,92,99,191,40,27,67
15,3,2013,106,90,196,69,29,98
16,3,2013,85,63,148,37,35,72
17,3,2013,82,61,143,52,37,89
18,3,2013,106,97,203,43,34,77
19,3,2013,97,78,175,39,29,68
20,3,2013,92,84,176,54,35,89
21,3,2013,88,92,180,64,33,97
22,3,2013,106,92,198,44,35,79
23,3,2013,89,85,174,50,37,87
24,3,2013,63,65,128,53,37,90
25,3,2013,90,91,181,32,37,69
26,3,2013,87,82,169,48,35,83
27,3,2013,75,76,151,45,28,73
28,3,2013,102,82,184,48,29,77
29,3,2013,89,103,192,35,29,64
30,3,2013,67,71,138,43,34,77
31,3,2013,65,62,127,52,29,81
1,4,2013,70,66,136,56,35,91
2,4,2013,99,79,178,52,33,85
3,4,2013,88,93,181,39,26,65
4,4,2013,107,81,188,53,33,86
5,4,2013,95,101,196,36,39,75
6,4,2013,73,82,155,49,35,84
7,4,2013,66,69,135,49,25,74
8,4,2013,67,72,139,42,36,78
9,4,2013,88,88,176,53,43,96
10,4,2013,84,70,154,47,36,83
11,4,2013,114,108,222,34,33,67
12,4,2013,84,93,177,44,38,82
13,4,2013,67,75,142,45,39,84
14,4,2013,53,75,128,48,44,92
15,4,2013,80,85,165,50,28,78
16,4,2013,78,87,165,39,31,70
17,4,2013,82,63,145,38,20,58
18,4,2013,81,82,163,36,26,62
19,4,2013,111,113,224,43,27,70
20,4,2013,58,63,121,53,28,81
21,4,2013,54,71,125,40,29,69
22,4,2013,79,51,130,34,25,59
23,4,2013,80,76,156,43,22,65
24,4,2013,95,95,190,39,29,68
25,4,2013,112,89,201,40,31,71
26,4,2013,81,91,172,30,35,65
27,4,2013,63,75,138,34,31,65
28,4,2013,71,64,135,50,37,87
29,4,2013,63,73,136,52,50,102
30,4,2013,70,84,154,43,36,79
1,5,2013,89,73,162,51,33,84
2,5,2013,90,92,182,46,38,84
3,5,2013,80,81,161,46,26,72
4,5,2013,77,82,159,47,27,74
5,5,2013,64,68,132,26,31,57
6,5,2013,101,62,163,36,30,66
7,5,2013,103,86,189,41,32,73
8,5,2013,75,70,145,50,23,73
9,5,2013,76,80,156,29,32,61
10,5,2013,84,87,171,45,23,68
11,5,2013,67,78,145,38,35,73
12,5,2013,59,62,121,32,21,53
13,5,2013,100,104,204,36,28,64
14,5,2013,89,81,170,31,23,54
15,5,2013,92,93,185,45,26,71
16,5,2013,86,97,183,39,23,62
17,5,2013,91,80,171,30,18,48
18,5,2013,81,73,154,42,28,70
19,5,2013,64,64,128,49,30,79
20,5,2013,97,84,181,41,35,76
21,5,2013,87,65,152,45,37,82
22,5,2013,92,66,158,46,27,73
23,5,2013,79,75,154,34,28,62
24,5,2013,86,45,131,51,31,82
25,5,2013,68,60,128,44,30,74
26,5,2013,62,38,100,36,23,59
27,5,2013,52,59,111,31,25,56
28,5,2013,96,98,194,32,30,62
29,5,2013,77,82,159,33,27,60
30,5,2013,76,56,132,27,29,56
31,5,2013,78,63,141,36,32,68
1,6,2013,61,62,123,44,43,87
2,6,2013,64,54,118,36,22,58
3,6,2013,86,70,156,43,28,71
4,6,2013,67,67,134,40,24,64
5,6,2013,77,81,158,55,26,81
6,6,2013,76,59,135,41,29,70
7,6,2013,70,71,141,40,27,67
8,6,2013,59,49,108,40,29,69
9,6,2013,53,48,101,37,24,61
10,6,2013,80,66,146,47,25,72
11,6,2013,89,80,169,21,24,45
12,6,2013,92,82,174,40,30,70
13,6,2013,78,86,164,39,29,68
14,6,2013,73,70,143,41,28,69
15,6,2013,78,60,138,30,19,49
16,6,2013,64,57,121,39,32,71
17,6,2013,71,67,138,46,34,80
18,6,2013,106,90,196,31,26,57
19,6,2013,77,65,142,42,19,61
20,6,2013,87,68,155,39,32,71
21,6,2013,94,77,171,34,25,59
22,6,2013,54,54,108,37,27,64
23,6,2013,57,49,106,46,33,79
24,6,2013,87,69,156,32,25,57
25,6,2013,74,73,147,32,24,56
26,6,2013,82,74,156,35,22,57
27,6,2013,78,78,156,22,27,49
28,6,2013,84,86,170,34,21,55
29,6,2013,76,69,145,45,25,70
30,6,2013,44,54,98,31,23,54
1,7,2013,82,65,147,35,23,58
2,7,2013,99,79,178,46,31,77
3,7,2013,91,59,150,46,32,78
4,7,2013,80,71,151,39,23,62
5,7,2013,70,79,149,52,23,75
6,7,2013,70,78,148,34,38,72
7,7,2013,53,51,104,51,27,78
8,7,2013,81,58,139,32,36,68
9,7,2013,79,75,154,45,30,75
10,7,2013,90,87,177,48,24,72
11,7,2013,77,71,148,44,34,78
12,7,2013,62,95,157,44,32,76
13,7,2013,66,59,125,45,31,76
14,7,2013,50,52,102,39,27,66
15,7,2013,63,78,141,44,33,77
16,7,2013,87,82,169,39,25,64
17,7,2013,73,77,150,51,32,83
18,7,2013,74,65,139,39,31,70
19,7,2013,82,83,165,45,26,71
20,7,2013,65,64,129,37,29,66
21,7,2013,56,42,98,47,21,68
22,7,2013,103,81,184,45,29,74
23,7,2013,76,75,151,50,29,79
24,7,2013,73,66,139,54,29,83
25,7,2013,74,85,159,46,46,92
26,7,2013,84,78,162,46,40,86
27,7,2013,72,74,146,45,29,74
28,7,2013,64,57,121,51,23,74
29,7,2013,67,78,145,68,23,91
30,7,2013,84,73,157,43,36,79
31,7,2013,61,71,132,42,31,73
1,8,2013,94,94,188,50,28,78
2,8,2013,95,77,172,41,31,72
3,8,2013,79,68,147,46,36,82
4,8,2013,66,64,130,48,43,91
5,8,2013,84,86,170,51,38,89
6,8,2013,65,60,125,47,36,83
7,8,2013,78,84,162,45,39,84
8,8,2013,92,75,167,46,21,67
9,8,2013,83,68,151,43,32,75
10,8,2013,96,59,155,49,24,73
11,8,2013,60,72,132,41,30,71
12,8,2013,77,88,165,44,27,71
13,8,2013,95,87,182,49,26,75
14,8,2013,71,73,144,59,29,88
15,8,2013,107,99,206,40,37,77
16,8,2013,84,71,155,46,29,75
17,8,2013,69,78,147,39,25,64
18,8,2013,63,78,141,44,32,76
19,8,2013,77,82,159,57,32,89
20,8,2013,78,87,165,47,39,86
21,8,2013,84,72,156,58,24,82
22,8,2013,73,90,163,52,28,80
23,8,2013,76,82,158,42,33,75
24,8,2013,77,76,153,35,26,61
25,8,2013,74,66,140,52,33,85
26,8,2013,84,86,170,58,36,94
27,8,2013,85,76,161,52,35,87
28,8,2013,91,92,183,48,43,91
29,8,2013,90,78,168,49,31,80
30,8,2013,80,77,157,50,35,85
31,8,2013,91,80,171,55,34,89
1,9,2013,62,62,124,29,20,49
2,9,2013,97,83,180,43,36,79
3,9,2013,97,62,159,50,36,86
4,9,2013,70,73,143,50,31,81
5,9,2013,88,68,156,44,44,88
6,9,2013,100,80,180,34,41,75
7,9,2013,87,85,172,35,37,72
8,9,2013,67,69,136,38,27,65
9,9,2013,106,86,192,32,30,62
10,9,2013,95,83,178,61,29,90
11,9,2013,85,87,172,28,35,63
12,9,2013,96,103,199,55,30,85
13,9,2013,114,77,191,55,30,85
14,9,2013,90,95,185,33,26,59
15,9,2013,72,71,143,55,41,96
16,9,2013,97,83,180,51,29,80
17,9,2013,94,103,197,51,29,80
18,9,2013,95,87,182,37,33,70
19,9,2013,79,70,149,36,33,69
20,9,2013,95,72,167,42,39,81
21,9,2013,71,79,150,51,23,74
22,9,2013,77,45,122,37,27,64
23,9,2013,88,70,158,47,39,86
24,9,2013,88,66,154,47,29,76
25,9,2013,89,110,199,50,26,76
26,9,2013,109,79,188,46,35,81
27,9,2013,95,92,187,49,36,85
28,9,2013,89,72,161,38,37,75
29,9,2013,68,62,130,27,23,50
30,9,2013,90,100,190,38,31,69
1,10,2013,102,100,202,46,33,79
2,10,2013,93,83,176,36,28,64
3,10,2013,96,71,167,37,37,74
4,10,2013,78,83,161,51,31,82
5,10,2013,99,104,203,48,31,79
6,10,2013,79,55,134,44,39,83
7,10,2013,96,83,179,33,33,66
8,10,2013,82,87,169,38,34,72
9,10,2013,99,105,204,44,22,66
10,10,2013,100,77,177,40,35,75
11,10,2013,100,98,198,54,35,89
12,10,2013,95,82,177,36,21,57
13,10,2013,85,76,161,44,35,79
14,10,2013,97,103,200,49,22,71
15,10,2013,114,87,201,43,37,80
16,10,2013,107,79,186,38,27,65
17,10,2013,98,102,200,44,26,70
18,10,2013,99,89,188,53,45,98
19,10,2013,79,101,180,45,36,81
20,10,2013,73,63,136,46,22,68
21,10,2013,95,64,159,43,22,65
22,10,2013,109,128,237,35,34,69
23,10,2013,112,102,214,47,25,72
24,10,2013,94,95,189,37,35,72
25,10,2013,120,85,205,43,25,68
26,10,2013,81,78,159,41,27,68
27,10,2013,68,68,136,39,22,61
28,10,2013,97,73,170,43,31,74
29,10,2013,88,94,182,53,32,85
30,10,2013,105,99,204,37,27,64
31,10,2013,70,116,186,66,30,96
1,11,2013,100,79,179,35,23,58
2,11,2013,86,74,160,49,31,80
3,11,2013,58,52,110,53,33,86
4,11,2013,70,77,147,36,27,63
5,11,2013,93,71,164,41,31,72
6,11,2013,78,66,144,45,44,89
7,11,2013,92,74,166,24,39,63
8,11,2013,101,71,172,45,34,79
9,11,2013,93,92,185,37,18,55
10,11,2013,65,67,132,49,28,77
11,11,2013,79,103,182,43,23,66
12,11,2013,87,76,163,48,30,78
13,11,2013,85,76,161,50,25,75
14,11,2013,107,104,211,47,35,82
15,11,2013,77,90,167,38,17,55
16,11,2013,86,77,163,46,28,74
17,11,2013,70,66,136,51,38,89
18,11,2013,87,77,164,42,34,76
19,11,2013,90,112,202,50,25,75
20,11,2013,85,84,169,50,36,86
21,11,2013,84,106,190,37,46,83
22,11,2013,82,92,174,42,30,72
23,11,2013,98,84,182,43,26,69
24,11,2013,61,61,122,46,24,70
25,11,2013,91,89,180,43,33,76
26,11,2013,91,86,177,36,25,61
27,11,2013,94,101,195,52,33,85
28,11,2013,80,83,163,43,39,82
29,11,2013,94,88,182,64,29,93
30,11,2013,83,81,164,31,24,55
1,12,2013,59,51,110,52,39,91
2,12,2013,61,73,134,42,26,68
3,12,2013,94,76,170,50,25,75
4,12,2013,98,83,181,42,33,75
5,12,2013,96,88,184,37,30,67
6,12,2013,89,79,168,31,31,62
7,12,2013,67,52,119,35,27,62
8,12,2013,60,66,126,43,34,77
9,12,2013,73,70,143,47,43,90
10,12,2013,80,68,148,60,32,92
11,12,2013,86,102,188,58,34,92
12,12,2013,79,80,159,68,42,110
13,12,2013,97,76,173,43,39,82
14,12,2013,67,64,131,47,32,79
15,12,2013,82,60,142,33,30,63
16,12,2013,92,102,194,54,38,92
17,12,2013,94,74,168,50,37,87
18,12,2013,73,80,153,45,41,86
19,12,2013,86,103,189,43,32,75
20,12,2013,99,92,191,63,36,99
21,12,2013,63,89,152,66,33,99
22,12,2013,62,50,112,50,42,92
23,12,2013,72,76,148,56,32,88
24,12,2013,74,92,166,42,39,81
25,12,2013,97,91,188,56,36,92
26,12,2013,88,70,158,48,39,87
27,12,2013,84,75,159,66,27,93
28,12,2013,74,87,161,52,33,85
29,12,2013,59,56,115,51,30,81
30,12,2013,71,58,129,44,38,82
31,12,2013,54,63,117,38,38,76
1,1,2014,74,85,159,53,31,84
2,1,2014,101,98,199,63,39,102
3,1,2014,103,93,196,57,29,86
4,1,2014,63,71,134,69,32,101
5,1,2014,59,75,134,57,33,90
6,1,2014,78,59,137,50,37,87
7,1,2014,74,89,163,41,27,68
8,1,2014,62,79,141,53,42,95
9,1,2014,85,81,166,36,32,68
10,1,2014,72,97,169,49,32,81
11,1,2014,70,56,126,50,32,82
12,1,2014,64,51,115,29,31,60
13,1,2014,74,64,138,49,29,78
14,1,2014,85,64,149,47,33,80
15,1,2014,61,78,139,44,24,68
16,1,2014,95,91,186,38,24,62
17,1,2014,71,70,141,55,35,90
18,1,2014,70,55,125,42,32,74
19,1,2014,57,42,99,52,38,90
20,1,2014,85,68,153,53,35,88
21,1,2014,77,85,162,34,31,65
22,1,2014,73,67,140,48,33,81
23,1,2014,88,69,157,46,33,79
24,1,2014,94,87,181,37,20,57
25,1,2014,76,69,145,39,34,73
26,1,2014,76,63,139,46,30,76
27,1,2014,79,51,130,44,29,73
28,1,2014,81,66,147,47,28,75
29,1,2014,79,75,154,33,24,57
30,1,2014,56,56,112,55,26,81
31,1,2014,85,64,149,48,32,80
1,2,2014,68,78,146,43,31,74
2,2,2014,60,57,117,45,25,70
3,2,2014,76,83,159,43,35,78
4,2,2014,76,70,146,44,36,80
5,2,2014,59,59,118,43,44,87
6,2,2014,82,78,160,49,18,67
7,2,2014,91,75,166,46,34,80
8,2,2014,65,63,128,35,30,65
9,2,2014,63,46,109,33,30,63
10,2,2014,67,61,128,44,36,80
11,2,2014,79,84,163,46,25,71
12,2,2014,93,73,166,43,32,75
13,2,2014,80,75,155,35,30,65
14,2,2014,82,83,165,49,33,82
15,2,2014,62,71,133,33,32,65
16,2,2014,51,55,106,47,27,74
17,2,2014,63,79,142,49,28,77
18,2,2014,87,74,161,41,36,77
19,2,2014,94,70,164,57,35,92
20,2,2014,76,82,158,39,51,90
21,2,2014,75,81,156,52,25,77
22,2,2014,58,56,114,40,30,70
23,2,2014,76,52,128,46,33,79
24,2,2014,77,71,148,62,25,87
25,2,2014,105,91,196,61,38,99
26,2,2014,85,83,168,54,40,94
27,2,2014,97,86,183,45,32,77
28,2,2014,68,90,158,41,34,75
1,3,2014,87,73,160,45,23,68
2,3,2014,59,49,108,43,17,60
3,3,2014,79,93,172,51,23,74
4,3,2014,102,83,185,39,25,64
5,3,2014,83,84,167,44,19,63
6,3,2014,83,99,182,41,26,67
7,3,2014,88,93,181,60,40,100
8,3,2014,74,68,142,35,34,69
9,3,2014,71,51,122,55,26,81
10,3,2014,85,79,164,52,24,76
11,3,2014,101,75,176,48,30,78
12,3,2014,99,103,202,46,26,72
13,3,2014,97,74,171,36,29,65
14,3,2014,99,104,203,51,27,78
15,3,2014,73,70,143,51,34,85
16,3,2014,65,45,110,45,43,88
17,3,2014,63,75,138,48,32,80
18,3,2014,91,99,190,59,22,81
19,3,2014,96,79,175,49,37,86
20,3,2014,97,86,183,39,36,75
21,3,2014,90,85,175,47,29,76
22,3,2014,61,68,129,52,34,86
23,3,2014,62,40,102,40,25,65
24,3,2014,76,70,146,49,32,81
25,3,2014,100,77,177,39,36,75
26,3,2014,69,77,146,33,30,63
27,3,2014,75,73,148,37,30,67
28,3,2014,77,78,155,43,34,77
29,3,2014,70,54,124,35,29,64
30,3,2014,61,58,119,39,31,70
31,3,2014,92,69,161,48,37,85
1,4,2014,88,77,165,47,27,74
2,4,2014,94,86,180,32,32,64
3,4,2014,84,76,160,43,31,74
4,4,2014,100,109,209,45,39,84
5,4,2014,74,70,144,32,44,76
6,4,2014,57,67,124,37,28,65
7,4,2014,69,77,146,51,32,83
8,4,2014,81,83,164,34,30,64
9,4,2014,80,58,138,43,31,74
10,4,2014,85,69,154,45,34,79
11,4,2014,79,84,163,40,31,71
12,4,2014,76,64,140,43,32,75
13,4,2014,66,60,126,47,19,66
14,4,2014,69,72,141,48,28,76
15,4,2014,94,90,184,53,33,86
16,4,2014,69,81,150,46,28,74
17,4,2014,64,82,146,38,33,71
18,4,2014,79,102,181,39,26,65
19,4,2014,75,73,148,45,22,67
20,4,2014,61,52,113,45,32,77
21,4,2014,78,62,140,33,34,67
22,4,2014,77,71,148,40,35,75
23,4,2014,88,80,168,55,39,94
24,4,2014,77,81,158,50,30,80
25,4,2014,78,81,159,42,40,82
26,4,2014,84,60,144,37,25,62
27,4,2014,55,70,125,50,29,79
28,4,2014,68,60,128,42,26,68
29,4,2014,62,59,121,45,25,70
30,4,2014,71,87,158,48,24,72
1,5,2014,69,70,139,50,30,80
2,5,2014,96,96,192,51,26,77
3,5,2014,67,60,127,48,28,76
4,5,2014,47,48,95,38,32,70
5,5,2014,72,80,152,40,25,65
6,5,2014,71,95,166,44,36,80
7,5,2014,80,70,150,50,31,81
8,5,2014,77,74,151,40,28,68
9,5,2014,74,85,159,48,14,62
10,5,2014,64,76,140,36,30,66
11,5,2014,60,54,114,36,29,65
12,5,2014,76,80,156,36,28,64
13,5,2014,62,64,126,53,31,84
14,5,2014,69,84,153,40,36,76
15,5,2014,81,76,157,48,26,74
16,5,2014,76,68,144,40,21,61
17,5,2014,84,73,157,42,30,72
18,5,2014,52,48,100,44,27,71
19,5,2014,80,75,155,38,21,59
20,5,2014,83,71,154,46,28,74
21,5,2014,83,78,161,36,36,72
22,5,2014,74,78,152,32,40,72
23,5,2014,84,79,163,51,27,78
24,5,2014,68,71,139,47,30,77
25,5,2014,50,54,104,45,32,77
26,5,2014,67,76,143,39,19,58
27,5,2014,64,66,130,56,32,88
28,5,2014,71,64,135,35,25,60
29,5,2014,88,74,162,46,30,76
30,5,2014,88,69,157,33,40,73
31,5,2014,71,59,130,33,33,66
1,6,2014,49,57,106,42,41,83
2,6,2014,82,64,146,44,28,72
3,6,2014,71,69,140,36,27,63
4,6,2014,88,61,149,34,23,57
5,6,2014,84,72,156,38,25,63
6,6,2014,79,75,154,49,20,69
7,6,2014,71,55,126,47,27,74
8,6,2014,59,57,116,38,32,70
9,6,2014,74,67,141,44,33,77
10,6,2014,92,70,162,42,37,79
11,6,2014,72,65,137,37,30,67
12,6,2014,69,72,141,43,28,71
13,6,2014,77,59,136,49,31,80
14,6,2014,81,67,148,36,24,60
15,6,2014,49,50,99,40,27,67
16,6,2014,70,58,128,45,32,77
17,6,2014,66,56,122,33,32,65
18,6,2014,63,65,128,55,21,76
19,6,2014,85,81,166,33,24,57
20,6,2014,66,72,138,47,27,74
21,6,2014,60,50,110,40,29,69
22,6,2014,50,49,99,53,22,75
23,6,2014,79,67,146,54,26,80
24,6,2014,74,70,144,46,31,77
25,6,2014,90,84,174,36,38,74
26,6,2014,76,66,142,37,17,54
27,6,2014,69,57,126,37,27,64
28,6,2014,80,72,152,39,17,56
29,6,2014,65,45,110,48,25,73
30,6,2014,74,61,135,36,19,55
1,7,2014,87,76,163,57,36,93
2,7,2014,81,68,149,36,34,70
3,7,2014,68,60,128,53,28,81
4,7,2014,78,93,171,37,27,64
5,7,2014,81,57,138,41,32,73
6,7,2014,46,49,95,36,43,79
7,7,2014,60,76,136,38,44,82
8,7,2014,68,73,141,41,25,66
9,7,2014,96,102,198,33,24,57
10,7,2014,65,72,137,47,23,70
11,7,2014,74,67,141,36,31,67
12,7,2014,73,75,148,38,27,65
13,7,2014,58,53,111,44,28,72
14,7,2014,54,64,118,41,34,75
15,7,2014,84,79,163,44,19,63
16,7,2014,77,69,146,47,31,78
17,7,2014,74,67,141,35,33,68
18,7,2014,76,77,153,50,32,82
19,7,2014,60,78,138,38,29,67
20,7,2014,53,49,102,46,27,73
21,7,2014,71,64,135,46,38,84
22,7,2014,85,79,164,39,35,74
23,7,2014,85,67,152,49,26,75
24,7,2014,90,77,167,45,31,76
25,7,2014,83,83,166,47,29,76
26,7,2014,64,63,127,38,32,70
27,7,2014,74,56,130,43,27,70
28,7,2014,70,80,150,50,27,77
29,7,2014,62,68,130,34,27,61
30,7,2014,75,83,158,56,27,83
31,7,2014,94,51,145,55,39,94
1,8,2014,69,70,139,39,29,68
2,8,2014,81,67,148,51,31,82
3,8,2014,53,56,109,44,36,80
4,8,2014,77,67,144,46,40,86
5,8,2014,88,93,181,55,30,85
6,8,2014,92,69,161,47,22,69
7,8,2014,71,70,141,47,29,76
8,8,2014,90,71,161,49,34,83
9,8,2014,82,64,146,43,33,76
10,8,2014,69,59,128,41,28,69
11,8,2014,80,69,149,57,25,82
12,8,2014,67,54,121,58,33,91
13,8,2014,85,63,148,52,34,86
14,8,2014,88,86,174,55,38,93
15,8,2014,88,92,180,50,39,89
16,8,2014,76,72,148,44,33,77
17,8,2014,70,59,129,49,26,75
18,8,2014,90,74,164,73,33,106
19,8,2014,84,99,183,52,35,87
20,8,2014,81,85,166,57,24,81
21,8,2014,82,87,169,53,35,88
22,8,2014,94,80,174,54,37,91
23,8,2014,71,69,140,52,33,85
24,8,2014,63,56,119,44,47,91
25,8,2014,58,44,102,51,34,85
26,8,2014,79,84,163,47,29,76
27,8,2014,94,69,163,47,28,75
28,8,2014,101,73,174,39,39,78
29,8,2014,95,80,175,34,27,61
30,8,2014,78,64,142,55,26,81
31,8,2014,71,49,120,54,25,79
1,9,2014,87,69,156,55,31,86
2,9,2014,85,80,165,65,36,101
3,9,2014,65,66,131,50,40,90
4,9,2014,78,71,149,52,39,91
5,9,2014,107,87,194,49,38,87
6,9,2014,85,83,168,34,43,77
7,9,2014,85,65,150,58,43,101
8,9,2014,69,79,148,42,43,85
9,9,2014,73,78,151,49,42,91
10,9,2014,93,72,165,48,32,80
11,9,2014,79,79,158,52,32,84
12,9,2014,86,102,188,58,35,93
13,9,2014,71,64,135,47,31,78
14,9,2014,58,57,115,50,33,83
15,9,2014,67,80,147,64,42,106
16,9,2014,89,73,162,49,32,81
17,9,2014,94,84,178,52,33,85
18,9,2014,80,91,171,58,46,104
19,9,2014,93,83,176,50,32,82
20,9,2014,75,57,132,61,42,103
21,9,2014,76,51,127,51,42,93
22,9,2014,79,61,140,55,31,86
23,9,2014,84,64,148,55,35,90
24,9,2014,72,77,149,43,30,73
25,9,2014,111,100,211,56,35,91
26,9,2014,99,97,196,56,44,100
27,9,2014,85,80,165,43,33,76
28,9,2014,64,59,123,46,38,84
29,9,2014,93,87,180,52,40,92
30,9,2014,67,70,137,38,33,71
1,10,2014,89,91,180,40,34,74
2,10,2014,97,89,186,53,25,78
3,10,2014,96,91,187,34,42,76
4,10,2014,86,78,164,55,29,84
5,10,2014,56,51,107,49,43,92
6,10,2014,71,79,150,55,27,82
7,10,2014,80,81,161,50,37,87
8,10,2014,95,75,170,45,34,79
9,10,2014,72,90,162,52,30,82
10,10,2014,120,98,218,44,38,82
11,10,2014,87,73,160,48,31,79
12,10,2014,77,60,137,40,37,77
13,10,2014,89,92,181,41,40,81
14,10,2014,91,77,168,42,35,77
15,10,2014,91,85,176,46,31,77
16,10,2014,111,89,200,39,29,68
17,10,2014,99,104,203,38,35,73
18,10,2014,96,69,165,42,30,72
19,10,2014,75,57,132,38,29,67
20,10,2014,97,95,192,35,29,64
21,10,2014,90,93,183,43,32,75
22,10,2014,61,68,129,50,20,70
23,10,2014,64,43,107,41,31,72
24,10,2014,85,76,161,42,29,71
25,10,2014,66,64,130,49,37,86
26,10,2014,53,55,108,55,32,87
27,10,2014,89,66,155,50,34,84
28,10,2014,83,101,184,51,31,82
29,10,2014,87,89,176,33,32,65
30,10,2014,97,94,191,53,33,86
31,10,2014,82,88,170,47,33,80
1,11,2014,85,77,162,56,28,84
2,11,2014,65,62,127,50,34,84
3,11,2014,80,83,163,63,31,94
4,11,2014,93,96,189,54,33,87
5,11,2014,97,66,163,44,23,67
6,11,2014,82,104,186,39,37,76
7,11,2014,74,88,162,42,29,71
8,11,2014,71,70,141,48,27,75
9,11,2014,78,65,143,38,41,79
10,11,2014,90,90,180,51,32,83
11,11,2014,85,88,173,49,31,80
12,11,2014,90,101,191,45,29,74
13,11,2014,102,72,174,49,27,76
14,11,2014,87,87,174,36,38,74
15,11,2014,95,71,166,42,31,73
16,11,2014,69,47,116,49,25,74
17,11,2014,70,67,137,44,24,68
18,11,2014,82,96,178,49,30,79
19,11,2014,82,80,162,37,29,66
20,11,2014,81,85,166,49,33,82
21,11,2014,82,66,148,42,29,71
22,11,2014,66,57,123,49,33,82
23,11,2014,79,54,133,37,26,63
24,11,2014,79,75,154,59,41,100
25,11,2014,92,80,172,49,36,85
26,11,2014,77,82,159,44,28,72
27,11,2014,84,87,171,49,27,76
28,11,2014,79,75,154,45,28,73
29,11,2014,75,63,138,40,31,71
30,11,2014,82,44,126,42,24,66
1,12,2014,95,81,176,43,32,75
2,12,2014,87,73,160,61,27,88
3,12,2014,86,83,169,40,25,65
4,12,2014,81,80,161,43,38,81
5,12,2014,79,79,158,50,31,81
6,12,2014,69,92,161,59,29,88
7,12,2014,62,45,107,37,25,62
8,12,2014,70,65,135,52,36,88
9,12,2014,84,85,169,38,36,74
10,12,2014,91,81,172,46,25,71
11,12,2014,67,78,145,47,47,94
12,12,2014,78,89,167,38,40,78
13,12,2014,60,70,130,45,36,81
14,12,2014,47,39,86,42,35,77
15,12,2014,73,78,151,56,28,84
16,12,2014,81,74,155,47,35,82
17,12,2014,89,81,170,57,23,80
18,12,2014,92,93,185,40,36,76
19,12,2014,81,70,151,46,41,87
20,12,2014,86,66,152,42,39,81
21,12,2014,44,44,88,62,31,93
22,12,2014,77,62,139,50,40,90
23,12,2014,74,65,139,61,28,89
24,12,2014,90,85,175,47,39,86
25,12,2014,72,73,145,53,30,83
26,12,2014,85,71,156,54,49,103
27,12,2014,51,69,120,57,46,103
28,12,2014,55,44,99,45,44,89
29,12,2014,73,58,131,62,42,104
30,12,2014,50,65,115,68,35,103
31,12,2014,56,53,109,66,34,100
1,1,2015,100,94,194,59,35,94
2,1,2015,94,73,167,54,39,93
3,1,2015,79,70,149,62,39,101
4,1,2015,61,62,123,72,39,111
5,1,2015,68,57,125,53,38,91
6,1,2015,68,71,139,51,40,91
7,1,2015,81,92,173,51,44,95
8,1,2015,70,87,157,56,31,87
9,1,2015,85,69,154,63,39,102
10,1,2015,54,68,122,57,41,98
11,1,2015,57,52,109,48,41,89
12,1,2015,78,64,142,38,38,76
13,1,2015,76,69,145,59,39,98
14,1,2015,95,78,173,53,34,87
15,1,2015,81,68,149,49,32,81
16,1,2015,65,64,129,57,48,105
17,1,2015,49,65,114,39,38,77
18,1,2015,68,47,115,50,35,85
19,1,2015,79,81,160,57,34,91
20,1,2015,62,54,116,57,32,89
21,1,2015,79,90,169,50,36,86
22,1,2015,65,79,144,56,38,94
23,1,2015,83,62,145,48,33,81
24,1,2015,82,61,143,45,33,78
25,1,2015,50,44,94,43,35,78
26,1,2015,88,79,167,47,41,88
27,1,2015,60,59,119,45,34,79
28,1,2015,86,65,151,57,27,84
29,1,2015,77,67,144,47,30,77
30,1,2015,88,74,162,43,28,71
31,1,2015,86,57,143,33,34,67
1,2,2015,52,43,95,44,28,72
2,2,2015,67,64,131,53,29,82
3,2,2015,71,55,126,42,33,75
4,2,2015,68,62,130,48,38,86
5,2,2015,86,70,156,46,43,89
6,2,2015,83,77,160,37,20,57
7,2,2015,78,62,140,37,34,71
8,2,2015,53,49,102,46,36,82
9,2,2015,76,74,150,46,27,73
10,2,2015,83,71,154,54,33,87
11,2,2015,89,73,162,58,35,93
12,2,2015,82,67,149,43,38,81
13,2,2015,74,71,145,47,35,82
14,2,2015,88,71,159,37,46,83
15,2,2015,71,43,114,59,26,85
16,2,2015,83,71,154,56,33,89
17,2,2015,68,63,131,66,35,101
18,2,2015,72,60,132,45,33,78
19,2,2015,89,85,174,55,33,88
20,2,2015,104,62,166,54,35,89
21,2,2015,90,81,171,43,45,88
22,2,2015,56,45,101,38,27,65
23,2,2015,76,73,149,65,36,101
24,2,2015,83,79,162,47,35,82
25,2,2015,84,81,165,35,39,74
26,2,2015,83,73,156,55,34,89
27,2,2015,84,72,156,34,33,67
28,2,2015,60,61,121,40,35,75
1,3,2015,55,53,108,34,29,63
2,3,2015,82,93,175,40,30,70
3,3,2015,79,79,158,42,47,89
4,3,2015,91,90,181,41,36,77
5,3,2015,81,78,159,39,22,61
6,3,2015,67,63,130,46,25,71
7,3,2015,84,68,152,54,20,74
8,3,2015,56,69,125,50,32,82
9,3,2015,109,85,194,44,42,86
10,3,2015,101,67,168,55,32,87
11,3,2015,84,99,183,56,36,92
12,3,2015,93,94,187,48,37,85
13,3,2015,88,64,152,47,30,77
14,3,2015,72,61,133,61,25,86
15,3,2015,57,54,111,66,33,99
16,3,2015,72,58,130,49,24,73
17,3,2015,94,89,183,34,26,60
18,3,2015,75,75,150,58,36,94
19,3,2015,74,53,127,42,39,81
20,3,2015,71,50,121,46,34,80
21,3,2015,104,110,214,58,29,87
22,3,2015,59,55,114,45,26,71
23,3,2015,67,50,117,43,37,80
24,3,2015,80,72,152,57,43,100
25,3,2015,76,89,165,46,43,89
26,3,2015,88,80,168,42,30,72
27,3,2015,68,70,138,51,42,93
28,3,2015,92,79,171,37,35,72
29,3,2015,56,63,119,49,21,70
30,3,2015,80,79,159,41,30,71
31,3,2015,81,62,143,45,33,78
1,4,2015,72,65,137,37,31,68
2,4,2015,80,79,159,40,32,72
3,4,2015,79,85,164,34,17,51
4,4,2015,56,43,99,44,27,71
5,4,2015,47,47,94,43,32,75
6,4,2015,96,72,168,41,34,75
7,4,2015,68,71,139,46,44,90
8,4,2015,78,88,166,42,21,63
9,4,2015,73,65,138,44,32,76
10,4,2015,90,72,162,49,27,76
11,4,2015,74,70,144,32,33,65
12,4,2015,40,58,98,40,26,66
13,4,2015,94,72,166,43,20,63
14,4,2015,81,79,160,46,29,75
15,4,2015,92,76,168,50,22,72
16,4,2015,85,92,177,44,34,78
17,4,2015,80,65,145,45,30,75
18,4,2015,67,49,116,42,30,72
19,4,2015,59,55,114,44,28,72
20,4,2015,88,66,154,47,33,80
21,4,2015,119,102,221,49,36,85
22,4,2015,87,70,157,52,34,86
23,4,2015,79,75,154,52,36,88
24,4,2015,99,88,187,29,34,63
25,4,2015,74,59,133,41,36,77
26,4,2015,59,59,118,47,35,82
27,4,2015,81,59,140,38,32,70
28,4,2015,73,78,151,42,25,67
29,4,2015,91,83,174,53,27,80
30,4,2015,103,62,165,35,34,69
1,5,2015,71,64,135,36,24,60
2,5,2015,65,68,133,50,43,93
3,5,2015,57,60,117,41,35,76
4,5,2015,70,54,124,38,35,73
5,5,2015,93,62,155,41,22,63
6,5,2015,68,80,148,40,34,74
7,5,2015,84,92,176,55,30,85
8,5,2015,74,78,152,42,34,76
9,5,2015,75,72,147,47,45,92
10,5,2015,56,55,111,39,29,68
11,5,2015,69,68,137,40,36,76
12,5,2015,86,81,167,46,32,78
13,5,2015,79,57,136,51,27,78
14,5,2015,87,97,184,29,24,53
15,5,2015,79,87,166,41,31,72
16,5,2015,75,68,143,41,26,67
17,5,2015,32,60,92,39,28,67
18,5,2015,56,57,113,31,21,52
19,5,2015,76,91,167,35,30,65
20,5,2015,72,73,145,47,38,85
21,5,2015,80,81,161,49,41,90
22,5,2015,71,77,148,30,27,57
23,5,2015,75,63,138,47,45,92
24,5,2015,41,43,84,34,25,59
25,5,2015,52,55,107,38,22,60
26,5,2015,71,69,140,34,28,62
27,5,2015,71,71,142,43,21,64
28,5,2015,82,64,146,37,25,62
29,5,2015,60,66,126,41,27,68
30,5,2015,72,64,136,49,26,75
31,5,2015,57,52,109,44,30,74
1,6,2015,80,64,144,49,33,82
2,6,2015,70,74,144,30,34,64
3,6,2015,73,67,140,32,25,57
4,6,2015,72,53,125,40,33,73
5,6,2015,92,86,178,43,30,73
6,6,2015,66,58,124,36,24,60
7,6,2015,46,48,94,37,17,54
8,6,2015,48,47,95,39,28,67
9,6,2015,86,83,169,40,26,66
10,6,2015,69,61,130,40,37,77
11,6,2015,82,73,155,44,37,81
12,6,2015,70,69,139,38,27,65
13,6,2015,51,44,95,50,20,70
14,6,2015,39,53,92,35,32,67
15,6,2015,72,59,131,38,29,67
16,6,2015,69,51,120,35,26,61
17,6,2015,80,46,126,43,27,70
18,6,2015,87,68,155,46,34,80
19,6,2015,89,99,188,33,30,63
20,6,2015,67,62,129,23,27,50
21,6,2015,58,45,103,45,26,71
22,6,2015,68,61,129,33,26,59
23,6,2015,90,79,169,48,32,80
24,6,2015,68,85,153,45,35,80
25,6,2015,68,59,127,33,30,63
26,6,2015,76,81,157,34,23,57
27,6,2015,72,52,124,44,33,77
28,6,2015,54,55,109,39,30,69
29,6,2015,105,65,170,33,23,56
30,6,2015,71,51,122,46,35,81
1,7,2015,78,66,144,51,27,78
2,7,2015,84,57,141,37,35,72
3,7,2015,67,66,133,40,31,71
4,7,2015,74,65,139,31,30,61
5,7,2015,63,52,115,54,25,79
6,7,2015,71,63,134,49,24,73
7,7,2015,71,89,160,42,19,61
8,7,2015,78,83,161,34,30,64
9,7,2015,78,62,140,47,24,71
10,7,2015,77,71,148,34,37,71
11,7,2015,67,66,133,41,28,69
12,7,2015,49,55,104,37,33,70
13,7,2015,66,81,147,45,22,67
14,7,2015,84,84,168,48,24,72
15,7,2015,56,56,112,27,36,63
16,7,2015,67,63,130,38,23,61
17,7,2015,62,89,151,41,28,69
18,7,2015,70,67,137,40,26,66
19,7,2015,57,53,110,45,25,70
20,7,2015,81,69,150,35,45,80
21,7,2015,82,79,161,45,22,67
22,7,2015,87,71,158,46,36,82
23,7,2015,72,62,134,37,27,64
24,7,2015,91,80,171,42,36,78
25,7,2015,75,63,138,47,25,72
26,7,2015,53,38,91,38,30,68
27,7,2015,66,75,141,39,35,74
28,7,2015,68,64,132,43,42,85
29,7,2015,71,71,142,50,24,74
30,7,2015,79,59,138,39,29,68
31,7,2015,92,87,179,43,25,68
1,8,2015,68,83,151,47,37,84
2,8,2015,58,58,116,46,21,67
3,8,2015,79,66,145,51,24,75
4,8,2015,96,79,175,49,18,67
5,8,2015,100,80,180,47,25,72
6,8,2015,74,78,152,48,26,74
7,8,2015,96,78,174,41,38,79
8,8,2015,74,62,136,36,28,64
9,8,2015,57,44,101,61,30,91
10,8,2015,82,88,170,54,36,90
11,8,2015,98,85,183,54,37,91
12,8,2015,78,79,157,41,31,72
13,8,2015,70,65,135,38,24,62
14,8,2015,79,58,137,42,21,63
15,8,2015,92,88,180,41,36,77
16,8,2015,57,56,113,46,20,66
17,8,2015,82,82,164,48,31,79
18,8,2015,95,79,174,34,32,66
19,8,2015,87,83,170,49,44,93
20,8,2015,92,85,177,53,40,93
21,8,2015,89,102,191,45,34,79
22,8,2015,72,67,139,53,37,90
23,8,2015,61,45,106,44,28,72
24,8,2015,78,88,166,44,33,77
25,8,2015,85,100,185,47,40,87
26,8,2015,85,87,172,42,25,67
27,8,2015,102,102,204,58,32,90
28,8,2015,82,85,167,40,20,60
29,8,2015,70,63,133,43,38,81
30,8,2015,56,63,119,47,28,75
31,8,2015,73,69,142,51,26,77
1,9,2015,92,104,196,55,31,86
2,9,2015,96,79,175,50,27,77
3,9,2015,72,93,165,41,31,72
4,9,2015,66,77,143,49,31,80
5,9,2015,64,83,147,53,39,92
6,9,2015,62,63,125,46,39,85
7,9,2015,71,80,151,56,34,90
8,9,2015,82,77,159,43,35,78
9,9,2015,105,103,208,61,41,102
10,9,2015,104,75,179,31,29,60
11,9,2015,101,93,194,43,43,86
12,9,2015,75,55,130,48,33,81
13,9,2015,61,53,114,40,31,71
14,9,2015,97,88,185,46,31,77
15,9,2015,95,87,182,54,35,89
16,9,2015,84,110,194,36,22,58
17,9,2015,95,97,192,50,33,83
18,9,2015,89,101,190,49,35,84
19,9,2015,86,84,170,52,35,87
20,9,2015,68,52,120,38,30,68
21,9,2015,91,92,183,53,30,83
22,9,2015,122,96,218,38,32,70
23,9,2015,96,109,205,49,31,80
24,9,2015,99,88,187,62,36,98
25,9,2015,100,78,178,59,28,87
26,9,2015,91,83,174,65,35,100
27,9,2015,61,63,124,29,34,63
28,9,2015,64,72,136,53,29,82
29,9,2015,91,88,179,49,39,88
30,9,2015,79,94,173,55,44,99
1,10,2015,92,113,205,44,49,93
2,10,2015,97,98,195,51,31,82
3,10,2015,74,82,156,39,39,78
4,10,2015,78,52,130,42,28,70
5,10,2015,61,89,150,41,29,70
6,10,2015,82,93,175,51,32,83
7,10,2015,95,80,175,47,33,80
8,10,2015,72,85,157,46,38,84
9,10,2015,104,71,175,55,49,104
10,10,2015,82,89,171,64,28,92
11,10,2015,71,55,126,43,35,78
12,10,2015,63,63,126,49,32,81
13,10,2015,109,92,201,45,36,81
14,10,2015,113,89,202,31,29,60
15,10,2015,88,95,183,43,27,70
16,10,2015,117,86,203,58,25,83
17,10,2015,83,82,165,40,23,63
18,10,2015,66,65,131,60,42,102
19,10,2015,84,86,170,41,39,80
20,10,2015,87,78,165,48,31,79
21,10,2015,120,74,194,37,37,74
22,10,2015,121,106,227,41,36,77
23,10,2015,104,86,190,48,40,88
24,10,2015,83,70,153,60,35,95
25,10,2015,69,63,132,49,25,74
26,10,2015,95,94,189,53,35,88
27,10,2015,119,83,202,54,27,81
28,10,2015,101,85,186,48,30,78
29,10,2015,74,89,163,41,37,78
30,10,2015,112,94,206,49,28,77
31,10,2015,67,61,128,51,34,85
1,11,2015,66,58,124,54,37,91
2,11,2015,86,86,172,49,39,88
3,11,2015,104,105,209,44,30,74
4,11,2015,81,71,152,54,39,93
5,11,2015,94,93,187,55,38,93
6,11,2015,101,88,189,51,34,85
7,11,2015,76,59,135,59,31,90
8,11,2015,52,62,114,42,35,77
9,11,2015,98,83,181,50,23,73
10,11,2015,101,75,176,49,31,80
11,11,2015,56,44,100,43,24,67
12,11,2015,68,76,144,53,42,95
13,11,2015,83,79,162,61,33,94
14,11,2015,83,68,151,55,44,99
15,11,2015,60,50,110,50,34,84
16,11,2015,89,90,179,55,38,93
17,11,2015,86,84,170,57,40,97
18,11,2015,103,95,198,53,29,82
19,11,2015,83,94,177,52,31,83
20,11,2015,77,99,176,50,39,89
21,11,2015,77,91,168,51,39,90
22,11,2015,72,60,132,36,35,71
23,11,2015,85,63,148,52,26,78
24,11,2015,90,85,175,37,32,69
25,11,2015,98,84,182,66,25,91
26,11,2015,103,98,201,51,34,85
27,11,2015,89,97,186,47,42,89
28,11,2015,82,74,156,45,31,76
29,11,2015,68,39,107,43,30,73
30,11,2015,94,83,177,51,49,100
1,12,2015,95,100,195,48,36,84
2,12,2015,67,82,149,55,46,101
3,12,2015,87,94,181,42,20,62
4,12,2015,90,87,177,41,32,73
5,12,2015,91,66,157,41,31,72
6,12,2015,58,57,115,58,31,89
7,12,2015,87,79,166,51,34,85
8,12,2015,87,93,180,48,19,67
9,12,2015,74,74,148,51,25,76
10,12,2015,63,66,129,44,37,81
11,12,2015,72,68,140,42,40,82
12,12,2015,76,77,153,53,31,84
13,12,2015,72,55,127,46,36,82
14,12,2015,83,81,164,54,42,96
15,12,2015,80,87,167,53,33,86
16,12,2015,83,79,162,47,28,75
17,12,2015,90,87,177,46,33,79
18,12,2015,91,60,151,34,30,64
19,12,2015,78,71,149,39,25,64
20,12,2015,62,42,104,46,35,81
21,12,2015,88,65,153,38,35,73
22,12,2015,82,78,160,42,30,72
23,12,2015,85,70,155,50,21,71
24,12,2015,95,68,163,53,30,83
25,12,2015,83,80,163,44,35,79
26,12,2015,61,62,123,54,34,88
27,12,2015,60,56,116,54,36,90
28,12,2015,76,62,138,66,31,97
29,12,2015,77,47,124,69,41,110
30,12,2015,79,73,152,62,44,106
31,12,2015,66,57,123,65,35,100
1,1,2016,111,85,196,57,30,87
2,1,2016,84,55,139,61,26,87
3,1,2016,60,50,110,43,31,74
4,1,2016,91,77,168,59,37,96
5,1,2016,78,74,152,74,32,106
6,1,2016,89,83,172,54,43,97
7,1,2016,81,72,153,58,35,93
8,1,2016,76,67,143,53,32,85
9,1,2016,61,48,109,35,43,78
10,1,2016,65,51,116,57,47,104
11,1,2016,94,78,172,50,42,92
12,1,2016,81,99,180,43,35,78
13,1,2016,82,69,151,53,38,91
14,1,2016,68,77,145,52,33,85
15,1,2016,80,64,144,64,43,107
16,1,2016,50,69,119,54,40,94
17,1,2016,47,50,97,45,31,76
18,1,2016,77,83,160,61,26,87
19,1,2016,65,69,134,48,39,87
20,1,2016,75,82,157,47,37,84
21,1,2016,73,76,149,47,29,76
22,1,2016,70,81,151,61,36,97
23,1,2016,89,65,154,61,44,105
24,1,2016,53,44,97,48,49,97
25,1,2016,100,70,170,40,26,66
26,1,2016,85,74,159,43,45,88
27,1,2016,81,64,145,57,37,94
28,1,2016,67,54,121,53,46,99
29,1,2016,89,74,163,50,39,89
30,1,2016,55,58,113,59,40,99
31,1,2016,72,48,120,52,32,84
1,2,2016,74,73,147,49,36,85
2,2,2016,85,69,154,45,46,91
3,2,2016,89,71,160,49,46,95
4,2,2016,71,77,148,53,35,88
5,2,2016,85,70,155,55,44,99
6,2,2016,77,58,135,53,50,103
7,2,2016,56,48,104,54,35,89
8,2,2016,62,75,137,62,28,90
9,2,2016,92,66,158,64,35,99
10,2,2016,70,69,139,51,36,87
11,2,2016,101,100,201,48,33,81
12,2,2016,97,85,182,49,29,78
13,2,2016,77,60,137,52,45,97
14,2,2016,74,67,141,53,40,93
15,2,2016,72,70,142,50,32,82
16,2,2016,71,86,157,50,41,91
17,2,2016,85,66,151,54,40,94
18,2,2016,90,67,157,39,27,66
19,2,2016,90,98,188,60,31,91
20,2,2016,93,70,163,43,35,78
21,2,2016,42,52,94,47,27,74
22,2,2016,76,66,142,40,31,71
23,2,2016,88,86,174,56,37,93
24,2,2016,76,94,170,49,34,83
25,2,2016,75,75,150,33,36,69
26,2,2016,74,77,151,37,24,61
27,2,2016,67,63,130,45,28,73
28,2,2016,75,70,145,38,29,67
29,2,2016,65,53,118,50,38,88
1,3,2016,112,106,218,50,21,71
2,3,2016,79,74,153,48,20,68
3,3,2016,84,59,143,48,31,79
4,3,2016,82,62,144,46,33,79
5,3,2016,69,80,149,45,34,79
6,3,2016,62,78,140,40,33,73
7,3,2016,86,91,177,62,28,90
8,3,2016,74,68,142,53,34,87
9,3,2016,70,70,140,38,20,58
10,3,2016,72,78,150,46,34,80
11,3,2016,83,88,171,46,34,80
12,3,2016,78,69,147,33,34,67
13,3,2016,71,49,120,48,36,84
14,3,2016,69,67,136,32,29,61
15,3,2016,89,86,175,37,26,63
16,3,2016,90,73,163,39,34,73
17,3,2016,77,94,171,31,30,61
18,3,2016,97,83,180,39,40,79
19,3,2016,90,60,150,58,27,85
20,3,2016,64,49,113,51,34,85
21,3,2016,88,77,165,53,22,75
22,3,2016,89,76,165,47,28,75
23,3,2016,94,87,181,44,36,80
24,3,2016,86,64,150,55,26,81
25,3,2016,98,87,185,54,34,88
26,3,2016,71,70,141,47,32,79
27,3,2016,63,67,130,40,29,69
28,3,2016,93,80,173,47,30,77
29,3,2016,80,75,155,46,27,73
30,3,2016,70,85,155,47,26,73
31,3,2016,77,70,147,67,31,98
1,4,2016,80,95,175,36,24,60
2,4,2016,75,76,151,48,37,85
3,4,2016,65,63,128,43,35,78
4,4,2016,89,98,187,51,29,80
5,4,2016,80,96,176,42,39,81
6,4,2016,99,57,156,53,27,80
7,4,2016,74,57,131,50,32,82
8,4,2016,102,81,183,31,30,61
9,4,2016,91,70,161,46,22,68
10,4,2016,57,44,101,41,29,70
11,4,2016,90,87,177,47,41,88
12,4,2016,94,90,184,57,30,87
13,4,2016,92,73,165,30,38,68
14,4,2016,76,73,149,54,31,85
15,4,2016,92,130,222,36,26,62
16,4,2016,63,69,132,48,40,88
17,4,2016,55,62,117,42,33,75
18,4,2016,79,71,150,40,34,74
19,4,2016,89,75,164,51,36,87
20,4,2016,100,72,172,46,35,81
21,4,2016,90,70,160,40,31,71
22,4,2016,101,83,184,48,37,85
23,4,2016,89,73,162,41,33,74
24,4,2016,68,65,133,49,25,74
25,4,2016,111,102,213,42,24,66
26,4,2016,66,75,141,48,22,70
27,4,2016,73,81,154,37,17,54
28,4,2016,92,72,164,50,37,87
29,4,2016,70,92,162,51,42,93
30,4,2016,68,74,142,44,34,78
1,5,2016,72,45,117,48,28,76
2,5,2016,86,81,167,50,24,74
3,5,2016,80,84,164,41,39,80
4,5,2016,95,97,192,44,39,83
5,5,2016,71,82,153,40,37,77
6,5,2016,65,68,133,47,26,73
7,5,2016,79,67,146,31,22,53
8,5,2016,66,56,122,52,27,79
9,5,2016,104,100,204,42,23,65
10,5,2016,82,93,175,39,34,73
11,5,2016,77,69,146,47,32,79
12,5,2016,82,90,172,39,29,68
13,5,2016,61,65,126,58,29,87
14,5,2016,74,66,140,55,39,94
15,5,2016,48,61,109,58,32,90
16,5,2016,84,79,163,62,32,94
17,5,2016,80,64,144,47,42,89
18,5,2016,75,89,164,52,37,89
19,5,2016,73,60,133,40,28,68
20,5,2016,95,78,173,46,40,86
21,5,2016,70,68,138,44,37,81
22,5,2016,52,43,95,52,26,78
23,5,2016,61,60,121,39,27,66
24,5,2016,59,66,125,46,32,78
25,5,2016,94,67,161,36,40,76
26,5,2016,73,63,136,42,30,72
27,5,2016,78,74,152,35,27,62
28,5,2016,71,66,137,37,33,70
29,5,2016,52,53,105,42,24,66
30,5,2016,78,71,149,38,33,71
31,5,2016,81,74,155,44,20,64
1,6,2016,90,80,170,58,33,91
2,6,2016,93,75,168,37,28,65
3,6,2016,55,70,125,37,25,62
4,6,2016,51,48,99,50,37,87
5,6,2016,50,61,111,43,27,70
6,6,2016,69,75,144,40,26,66
7,6,2016,71,62,133,40,23,63
8,6,2016,68,65,133,52,24,76
9,6,2016,87,90,177,36,28,64
10,6,2016,84,78,162,51,19,70
11,6,2016,61,73,134,41,28,69
12,6,2016,61,51,112,52,25,77
13,6,2016,83,65,148,32,38,70
14,6,2016,93,79,172,50,20,70
15,6,2016,93,61,154,45,27,72
16,6,2016,88,95,183,49,30,79
17,6,2016,74,68,142,30,21,51
18,6,2016,73,80,153,47,30,77
19,6,2016,45,35,80,43,30,73
20,6,2016,82,82,164,34,21,55
21,6,2016,70,68,138,41,22,63
22,6,2016,71,87,158,47,20,67
23,6,2016,72,78,150,34,32,66
24,6,2016,72,80,152,37,24,61
25,6,2016,73,52,125,39,22,61
26,6,2016,50,40,90,34,29,63
27,6,2016,71,82,153,35,37,72
28,6,2016,80,65,145,47,22,69
29,6,2016,82,60,142,35,26,61
30,6,2016,72,65,137,54,34,88
1,7,2016,84,85,169,42,33,75
2,7,2016,66,68,134,58,33,91
3,7,2016,73,47,120,42,30,72
4,7,2016,68,47,115,53,43,96
5,7,2016,83,82,165,45,34,79
6,7,2016,76,70,146,51,35,86
7,7,2016,79,64,143,49,35,84
8,7,2016,79,61,140,47,24,71
9,7,2016,69,59,128,53,38,91
10,7,2016,49,59,108,56,37,93
11,7,2016,77,66,143,63,35,98
12,7,2016,70,71,141,44,28,72
13,7,2016,62,71,133,46,29,75
14,7,2016,73,58,131,44,35,79
15,7,2016,93,83,176,58,34,92
16,7,2016,73,66,139,60,39,99
17,7,2016,46,35,81,59,26,85
18,7,2016,72,63,135,62,46,108
19,7,2016,96,80,176,45,35,80
20,7,2016,71,75,146,54,32,86
21,7,2016,86,77,163,49,51,100
22,7,2016,77,69,146,58,31,89
23,7,2016,76,51,127,67,45,112
24,7,2016,47,50,97,52,46,98
25,7,2016,60,64,124,56,41,97
26,7,2016,67,70,137,54,36,90
27,7,2016,78,73,151,66,45,111
28,7,2016,76,44,120,64,38,102
29,7,2016,95,78,173,75,35,110
30,7,2016,77,78,155,60,41,101
31,7,2016,43,36,79,63,39,102
1,8,2016,74,87,161,47,46,93
2,8,2016,58,55,113,69,35,104
3,8,2016,79,61,140,65,56,121
4,8,2016,86,86,172,57,55,112
5,8,2016,99,82,181,62,53,115
6,8,2016,79,75,154,66,41,107
7,8,2016,53,51,104,56,39,95
8,8,2016,83,67,150,59,39,98
9,8,2016,85,63,148,72,51,123
10,8,2016,92,78,170,48,52,100
11,8,2016,64,70,134,69,38,107
12,8,2016,105,80,185,69,41,110
13,8,2016,76,76,152,67,49,116
14,8,2016,43,51,94,59,38,97
15,8,2016,94,79,173,64,48,112
16,8,2016,78,69,147,62,46,108
17,8,2016,59,72,131,79,43,122
18,8,2016,95,80,175,40,36,76
19,8,2016,77,84,161,67,43,110
20,8,2016,71,76,147,64,38,102
21,8,2016,54,58,112,67,45,112
22,8,2016,81,91,172,72,31,103
23,8,2016,84,81,165,43,40,83
24,8,2016,100,95,195,66,33,99
25,8,2016,97,107,204,46,41,87
26,8,2016,92,77,169,49,32,81
27,8,2016,76,68,144,63,36,99
28,8,2016,60,51,111,54,62,116
29,8,2016,76,79,155,62,57,119
30,8,2016,84,97,181,58,44,102
31,8,2016,72,76,148,48,40,88
1,9,2016,77,78,155,48,44,92
2,9,2016,94,113,207,57,42,99
3,9,2016,66,66,132,55,45,100
4,9,2016,56,65,121,49,36,85
5,9,2016,95,76,171,46,53,99
6,9,2016,95,87,182,54,39,93
7,9,2016,91,73,164,63,28,91
8,9,2016,92,91,183,63,40,103
9,9,2016,88,80,168,57,39,96
10,9,2016,90,68,158,56,39,95
11,9,2016,67,56,123,68,33,101
12,9,2016,80,89,169,69,42,111
13,9,2016,96,86,182,55,37,92
14,9,2016,94,62,156,61,33,94
15,9,2016,79,93,172,48,41,89
16,9,2016,78,67,145,71,40,111
17,9,2016,77,62,139,65,24,89
18,9,2016,59,62,121,61,34,95
19,9,2016,89,105,194,66,36,102
20,9,2016,80,73,153,53,32,85
21,9,2016,83,100,183,71,29,100
22,9,2016,86,85,171,60,39,99
23,9,2016,87,84,171,68,37,105
24,9,2016,77,63,140,52,24,76
25,9,2016,57,53,110,71,41,112
26,9,2016,72,105,177,41,54,95
27,9,2016,83,65,148,46,33,79
28,9,2016,79,69,148,52,34,86
29,9,2016,95,67,162,45,35,80
30,9,2016,69,75,144,61,36,97
1,10,2016,98,94,192,52,35,87
2,10,2016,66,74,140,55,27,82
3,10,2016,92,81,173,64,36,100
4,10,2016,77,88,165,38,41,79
5,10,2016,96,87,183,62,32,94
6,10,2016,92,98,190,59,27,86
7,10,2016,108,93,201,50,36,86
8,10,2016,85,70,155,48,33,81
9,10,2016,74,51,125,64,39,103
10,10,2016,78,92,170,54,42,96
11,10,2016,109,112,221,52,43,95
12,10,2016,88,78,166,49,40,89
13,10,2016,86,85,171,54,34,88
14,10,2016,90,88,178,50,39,89
15,10,2016,95,85,180,58,44,102
16,10,2016,57,69,126,49,43,92
17,10,2016,78,76,154,53,42,95
18,10,2016,89,103,192,50,29,79
19,10,2016,105,92,197,60,45,105
20,10,2016,108,102,210,55,40,95
21,10,2016,94,88,182,58,37,95
22,10,2016,85,80,165,57,43,100
23,10,2016,65,60,125,61,42,103
24,10,2016,107,99,206,48,29,77
25,10,2016,106,88,194,54,34,88
26,10,2016,102,86,188,60,41,101
27,10,2016,100,101,201,40,41,81
28,10,2016,92,96,188,57,37,94
29,10,2016,57,61,118,38,38,76
30,10,2016,60,57,117,53,39,92
31,10,2016,78,62,140,58,43,101
1,11,2016,75,75,150,41,29,70
2,11,2016,82,85,167,57,28,85
3,11,2016,80,62,142,53,26,79
4,11,2016,73,71,144,42,36,78
5,11,2016,74,94,168,61,23,84
6,11,2016,70,53,123,63,31,94
7,11,2016,82,86,168,29,38,67
8,11,2016,107,89,196,52,44,96
9,11,2016,102,97,199,59,35,94
10,11,2016,86,75,161,54,38,92
11,11,2016,101,94,195,50,36,86
12,11,2016,75,88,163,60,44,104
13,11,2016,53,57,110,55,33,88
14,11,2016,93,81,174,58,32,90
15,11,2016,71,73,144,50,39,89
16,11,2016,86,71,157,52,35,87
17,11,2016,85,85,170,50,27,77
18,11,2016,89,94,183,46,44,90
19,11,2016,87,77,164,48,37,85
20,11,2016,69,67,136,54,29,83
21,11,2016,86,96,182,56,47,103
22,11,2016,84,88,172,52,45,97
23,11,2016,90,74,164,53,43,96
24,11,2016,88,72,160,35,30,65
25,11,2016,109,103,212,47,48,95
26,11,2016,67,59,126,55,33,88
27,11,2016,63,67,130,54,40,94
28,11,2016,72,71,143,57,36,93
29,11,2016,81,70,151,49,40,89
30,11,2016,104,86,190,60,30,90
1,12,2016,84,79,163,48,35,83
2,12,2016,95,77,172,55,46,101
3,12,2016,86,71,157,52,34,86
4,12,2016,59,51,110,60,41,101
5,12,2016,80,89,169,51,30,81
6,12,2016,119,74,193,61,39,100
7,12,2016,86,81,167,45,36,81
8,12,2016,79,73,152,52,37,89
9,12,2016,89,73,162,38,27,65
10,12,2016,73,62,135,42,34,76
11,12,2016,50,63,113,60,32,92
12,12,2016,80,70,150,58,34,92
13,12,2016,92,78,170,58,45,103
14,12,2016,87,61,148,51,39,90
15,12,2016,83,101,184,68,40,108
16,12,2016,105,91,196,44,31,75
17,12,2016,67,59,126,49,36,85
18,12,2016,46,44,90,54,37,91
19,12,2016,86,63,149,53,24,77
20,12,2016,98,76,174,62,26,88
21,12,2016,76,88,164,51,35,86
22,12,2016,70,62,132,45,45,90
23,12,2016,83,67,150,44,25,69
24,12,2016,69,66,135,47,33,80
25,12,2016,54,60,114,49,27,76
26,12,2016,74,71,145,45,30,75
27,12,2016,52,63,115,47,33,80
28,12,2016,59,51,110,56,30,86
29,12,2016,79,48,127,49,34,83
30,12,2016,71,75,146,68,39,107
31,12,2016,68,63,131,43,45,88
1,1,2017,75,58,133,51,54,105
2,1,2017,77,80,157,45,35,80
3,1,2017,74,73,147,69,31,100
4,1,2017,67,85,152,59,34,93
5,1,2017,87,97,184,60,40,100
6,1,2017,87,87,174,52,51,103
7,1,2017,66,66,132,63,29,92
8,1,2017,46,35,81,60,39,99
9,1,2017,83,78,161,61,46,107
10,1,2017,90,85,175,54,47,101
11,1,2017,105,66,171,50,32,82
12,1,2017,75,76,151,56,27,83
13,1,2017,68,68,136,42,41,83
14,1,2017,56,63,119,61,51,112
15,1,2017,54,47,101,38,44,82
16,1,2017,86,74,160,49,41,90
17,1,2017,86,70,156,53,32,85
18,1,2017,68,74,142,49,45,94
19,1,2017,87,84,171,50,27,77
20,1,2017,81,57,138,60,32,92
21,1,2017,59,53,112,55,45,100
22,1,2017,45,48,93,52,34,86
23,1,2017,68,80,148,57,33,90
24,1,2017,81,69,150,53,44,97
25,1,2017,76,72,148,54,41,95
26,1,2017,89,74,163,50,36,86
27,1,2017,60,47,107,49,30,79
28,1,2017,68,61,129,45,33,78
29,1,2017,53,41,94,52,35,87
30,1,2017,80,76,156,44,34,78
31,1,2017,89,63,152,37,26,63
1,2,2017,97,72,169,41,26,67
2,2,2017,82,71,153,49,38,87
3,2,2017,87,86,173,48,37,85
4,2,2017,69,50,119,46,42,88
5,2,2017,52,55,107,46,32,78
6,2,2017,82,56,138,45,34,79
7,2,2017,78,78,156,53,36,89
8,2,2017,70,75,145,29,37,66
9,2,2017,103,76,179,41,37,78
10,2,2017,89,66,155,58,36,94
11,2,2017,72,58,130,44,32,76
12,2,2017,64,49,113,45,24,69
13,2,2017,73,57,130,38,27,65
14,2,2017,105,111,216,43,28,71
15,2,2017,67,68,135,49,30,79
16,2,2017,76,68,144,44,32,76
17,2,2017,72,77,149,53,29,82
18,2,2017,72,50,122,51,34,85
19,2,2017,79,48,127,41,34,75
20,2,2017,73,67,140,50,33,83
21,2,2017,76,68,144,52,28,80
22,2,2017,94,72,166,54,33,87
23,2,2017,76,61,137,56,26,82
24,2,2017,91,95,186,55,27,82
25,2,2017,71,64,135,45,31,76
26,2,2017,46,48,94,48,30,78
27,2,2017,87,64,151,45,36,81
28,2,2017,86,67,153,48,35,83
1,3,2017,101,80,181,40,43,83
2,3,2017,78,79,157,50,31,81
3,3,2017,87,107,194,55,32,87
4,3,2017,52,78,130,46,44,90
5,3,2017,49,48,97,45,33,78
6,3,2017,79,74,153,52,27,79
7,3,2017,86,69,155,53,44,97
8,3,2017,89,69,158,52,25,77
9,3,2017,79,80,159,47,38,85
10,3,2017,67,80,147,50,30,80
11,3,2017,73,60,133,33,29,62
12,3,2017,58,41,99,44,25,69
13,3,2017,74,57,131,44,33,77
14,3,2017,105,86,191,44,35,79
15,3,2017,80,85,165,45,38,83
16,3,2017,118,81,199,43,29,72
17,3,2017,76,55,131,39,36,75
18,3,2017,75,51,126,52,35,87
19,3,2017,60,46,106,42,38,80
20,3,2017,68,58,126,56,39,95
21,3,2017,78,73,151,43,38,81
22,3,2017,82,75,157,62,28,90
23,3,2017,95,97,192,39,41,80
24,3,2017,97,75,172,54,35,89
25,3,2017,83,66,149,53,46,99
26,3,2017,58,47,105,52,40,92
27,3,2017,56,57,113,57,36,93
28,3,2017,84,94,178,48,35,83
29,3,2017,83,67,150,47,30,77
30,3,2017,94,83,177,56,39,95
31,3,2017,85,77,162,45,34,79
1,4,2017,72,71,143,49,35,84
2,4,2017,57,55,112,38,41,79
3,4,2017,77,61,138,55,31,86
4,4,2017,100,102,202,50,36,86
5,4,2017,77,68,145,55,31,86
6,4,2017,71,89,160,44,30,74
7,4,2017,81,84,165,40,26,66
8,4,2017,81,62,143,47,32,79
9,4,2017,63,59,122,39,29,68
10,4,2017,81,55,136,50,44,94
11,4,2017,103,88,191,56,35,91
12,4,2017,78,75,153,54,48,102
13,4,2017,79,69,148,48,26,74
14,4,2017,75,84,159,39,34,73
15,4,2017,60,65,125,62,32,94
16,4,2017,62,61,123,41,30,71
17,4,2017,83,65,148,51,38,89
18,4,2017,76,81,157,54,38,92
19,4,2017,74,69,143,47,40,87
20,4,2017,94,69,163,59,32,91
21,4,2017,86,83,169,54,24,78
22,4,2017,63,57,120,48,36,84
23,4,2017,52,55,107,43,31,74
24,4,2017,76,65,141,48,25,73
25,4,2017,65,70,135,46,31,77
26,4,2017,65,62,127,40,28,68
27,4,2017,69,64,133,51,46,97
28,4,2017,113,100,213,35,32,67
29,4,2017,65,62,127,35,32,67
30,4,2017,53,46,99,37,41,78
1,5,2017,74,65,139,41,40,81
2,5,2017,86,81,167,49,33,82
3,5,2017,74,82,156,49,42,91
4,5,2017,65,77,142,45,35,80
5,5,2017,99,76,175,58,43,101
6,5,2017,82,56,138,39,27,66
7,5,2017,66,49,115,39,30,69
8,5,2017,68,72,140,33,30,63
9,5,2017,76,73,149,50,39,89
10,5,2017,72,81,153,51,38,89
11,5,2017,79,62,141,51,35,86
12,5,2017,75,69,144,45,34,79
13,5,2017,68,57,125,46,30,76
14,5,2017,50,40,90,46,22,68
15,5,2017,80,80,160,40,28,68
16,5,2017,82,73,155,48,28,76
17,5,2017,63,65,128,29,32,61
18,5,2017,92,72,164,40,39,79
19,5,2017,83,78,161,33,29,62
20,5,2017,57,61,118,32,26,58
21,5,2017,58,54,112,35,25,60
22,5,2017,84,58,142,38,36,74
23,5,2017,78,77,155,47,28,75
24,5,2017,90,63,153,52,42,94
25,5,2017,69,65,134,32,31,63
26,5,2017,72,89,161,48,39,87
27,5,2017,84,69,153,35,24,59
28,5,2017,52,56,108,41,30,71
29,5,2017,68,73,141,44,42,86
30,5,2017,72,86,158,38,29,67
31,5,2017,79,70,149,37,29,66
1,6,2017,78,68,146,57,20,77
2,6,2017,68,70,138,50,32,82
3,6,2017,64,60,124,38,27,65
4,6,2017,55,32,87,44,21,65
5,6,2017,75,68,143,40,25,65
6,6,2017,87,83,170,36,30,66
7,6,2017,62,73,135,41,25,66
8,6,2017,70,66,136,37,29,66
9,6,2017,74,73,147,49,24,73
10,6,2017,56,60,116,37,25,62
11,6,2017,45,48,93,33,27,60
12,6,2017,76,82,158,44,26,70
13,6,2017,81,86,167,41,26,67
14,6,2017,79,59,138,48,22,70
15,6,2017,74,61,135,45,26,71
16,6,2017,76,70,146,47,28,75
17,6,2017,66,61,127,40,30,70
18,6,2017,52,53,105,44,33,77
19,6,2017,79,70,149,54,24,78
20,6,2017,83,77,160,47,33,80
21,6,2017,64,83,147,37,29,66
22,6,2017,88,78,166,57,36,93
23,6,2017,72,58,130,44,37,81
24,6,2017,63,61,124,44,31,75
25,6,2017,64,49,113,40,32,72
26,6,2017,72,75,147,38,34,72
27,6,2017,74,70,144,43,28,71
28,6,2017,88,77,165,44,35,79
29,6,2017,57,76,133,52,34,86
30,6,2017,76,71,147,38,32,70
1,7,2017,71,63,134,16,8,24
2,7,2017,77,45,122,31,26,57
3,7,2017,83,69,152,30,16,46
4,7,2017,69,76,145,27,23,50
5,7,2017,94,72,166,17,5,22
6,7,2017,79,73,152,25,18,43
7,7,2017,80,73,153,9,10,19
8,7,2017,85,55,140,15,12,27
9,7,2017,59,59,118,8,14,22
10,7,2017,69,58,127,17,12,29
11,7,2017,82,61,143,23,20,43
12,7,2017,73,72,145,13,18,31
13,7,2017,73,54,127,16,9,25
14,7,2017,90,83,173,21,19,40
15,7,2017,58,56,114,13,14,27
16,7,2017,54,52,106,17,11,28
17,7,2017,60,55,115,18,12,30
18,7,2017,76,91,167,17,15,32
19,7,2017,67,61,128,24,13,37
20,7,2017,97,83,180,20,23,43
21,7,2017,63,83,146,30,16,46
22,7,2017,77,65,142,23,10,33
23,7,2017,56,39,95,28,14,42
24,7,2017,89,80,169,29,24,53
25,7,2017,96,71,167,29,20,49
26,7,2017,98,88,186,25,16,41
27,7,2017,87,85,172,21,15,36
28,7,2017,94,83,177,39,24,63
29,7,2017,75,66,141,27,28,55
30,7,2017,54,65,119,21,19,40
31,7,2017,75,73,148,29,15,44
1,8,2017,80,87,167,21,23,44
2,8,2017,82,81,163,31,15,46
3,8,2017,70,81,151,30,26,56
4,8,2017,73,66,139,29,27,56
5,8,2017,79,67,146,36,28,64
6,8,2017,65,70,135,29,25,54
7,8,2017,51,55,106,23,23,46
8,8,2017,58,75,133,50,22,72
9,8,2017,93,96,189,33,22,55
10,8,2017,85,100,185,32,27,59
11,8,2017,85,87,172,34,24,58
12,8,2017,79,88,167,28,19,47
13,8,2017,55,62,117,32,34,66
14,8,2017,78,84,162,53,23,76
15,8,2017,114,99,213,24,31,55
16,8,2017,84,73,157,37,36,73
17,8,2017,88,98,186,34,30,64
18,8,2017,85,72,157,26,34,60
19,8,2017,65,86,151,44,44,88
20,8,2017,54,60,114,50,34,84
21,8,2017,55,59,114,31,32,63
22,8,2017,105,92,197,42,28,70
23,8,2017,103,88,191,46,32,78
24,8,2017,96,121,217,55,31,86
25,8,2017,90,86,176,37,34,71
26,8,2017,76,76,152,50,46,96
27,8,2017,76,63,139,45,24,69
28,8,2017,84,86,170,42,42,84
29,8,2017,94,79,173,44,27,71
30,8,2017,90,67,157,53,34,87
31,8,2017,74,77,151,55,37,92
1,9,2017,106,108,214,72,26,98
2,9,2017,78,78,156,45,34,79
3,9,2017,65,68,133,53,35,88
4,9,2017,105,110,215,46,31,77
5,9,2017,98,73,171,47,29,76
6,9,2017,80,75,155,55,43,98
7,9,2017,80,71,151,48,39,87
8,9,2017,95,89,184,53,42,95
9,9,2017,89,92,181,65,43,108
10,9,2017,58,59,117,49,35,84
11,9,2017,91,74,165,45,37,82
12,9,2017,84,70,154,63,45,108
13,9,2017,116,78,194,54,40,94
14,9,2017,106,69,175,44,38,82
15,9,2017,79,94,173,53,39,92
16,9,2017,93,76,169,41,30,71
17,9,2017,60,59,119,45,39,84
18,9,2017,91,68,159,52,31,83
19,9,2017,84,71,155,57,30,87
20,9,2017,77,85,162,48,36,84
21,9,2017,115,135,250,49,31,80
22,9,2017,125,99,224,50,31,81
23,9,2017,85,85,170,45,40,85
24,9,2017,74,61,135,61,38,99
25,9,2017,107,82,189,49,32,81
26,9,2017,85,85,170,49,40,89
27,9,2017,83,82,165,65,35,100
28,9,2017,77,96,173,48,32,80
29,9,2017,122,81,203,62,31,93
30,9,2017,92,106,198,47,36,83
1,10,2017,80,77,157,52,39,91
2,10,2017,107,101,208,66,43,109
3,10,2017,94,94,188,57,45,102
4,10,2017,82,92,174,45,42,87
5,10,2017,108,117,225,63,41,104
6,10,2017,93,100,193,51,32,83
7,10,2017,96,88,184,38,29,67
8,10,2017,69,60,129,56,31,87
9,10,2017,102,90,192,43,22,65
10,10,2017,101,97,198,48,36,84
11,10,2017,89,87,176,44,39,83
12,10,2017,80,82,162,48,46,94
13,10,2017,124,101,225,53,34,87
14,10,2017,73,91,164,40,38,78
15,10,2017,75,68,143,41,51,92
16,10,2017,102,108,210,48,30,78
17,10,2017,92,99,191,60,46,106
18,10,2017,82,75,157,44,33,77
19,10,2017,64,76,140,53,38,91
20,10,2017,79,83,162,58,25,83
21,10,2017,76,65,141,49,41,90
22,10,2017,63,59,122,58,49,107
23,10,2017,96,87,183,45,37,82
24,10,2017,95,79,174,64,51,115
25,10,2017,91,103,194,60,46,106
26,10,2017,96,87,183,66,38,104
27,10,2017,95,96,191,58,39,97
28,10,2017,95,77,172,55,29,84
29,10,2017,71,56,127,55,41,96
30,10,2017,88,78,166,65,44,109
31,10,2017,95,82,177,51,33,84
1,11,2017,104,94,198,36,29,65
2,11,2017,99,90,189,55,28,83
3,11,2017,94,86,180,50,31,81
4,11,2017,89,83,172,59,29,88
5,11,2017,67,46,113,62,44,106
6,11,2017,90,81,171,67,28,95
7,11,2017,93,113,206,57,22,79
8,11,2017,76,75,151,49,34,83
9,11,2017,96,95,191,48,29,77
10,11,2017,87,117,204,53,37,90
11,11,2017,82,72,154,63,37,100
12,11,2017,65,61,126,50,37,87
13,11,2017,88,74,162,45,47,92
14,11,2017,128,107,235,56,32,88
15,11,2017,94,94,188,62,52,114
16,11,2017,95,88,183,54,36,90
17,11,2017,92,78,170,53,41,94
18,11,2017,90,67,157,57,35,92
19,11,2017,75,66,141,44,28,72
20,11,2017,82,90,172,60,43,103
21,11,2017,103,90,193,58,43,101
22,11,2017,86,88,174,50,44,94
23,11,2017,96,102,198,58,46,104
24,11,2017,100,90,190,52,47,99
25,11,2017,76,75,151,40,35,75
26,11,2017,60,50,110,44,39,83
27,11,2017,86,92,178,47,36,83
28,11,2017,93,75,168,39,38,77
29,11,2017,104,80,184,53,38,91
30,11,2017,78,70,148,64,24,88
1,12,2017,78,85,163,46,31,77
2,12,2017,72,69,141,53,31,84
3,12,2017,79,75,154,55,29,84
4,12,2017,77,92,169,48,41,89
5,12,2017,98,75,173,41,43,84
6,12,2017,100,89,189,43,43,86
7,12,2017,103,87,190,44,36,80
8,12,2017,74,68,142,53,38,91
9,12,2017,81,87,168,52,30,82
10,12,2017,70,50,120,46,35,81
11,12,2017,78,90,168,54,29,83
12,12,2017,102,84,186,49,26,75
13,12,2017,74,71,145,42,27,69
14,12,2017,92,92,184,53,38,91
15,12,2017,84,91,175,41,31,72
16,12,2017,69,74,143,56,43,99
17,12,2017,58,51,109,52,37,89
18,12,2017,63,46,109,39,44,83
19,12,2017,85,82,167,52,30,82
20,12,2017,94,97,191,53,44,97
21,12,2017,77,101,178,46,35,81
22,12,2017,98,70,168,73,37,110
23,12,2017,70,63,133,52,47,99
24,12,2017,69,55,124,54,31,85
25,12,2017,71,77,148,65,39,104
26,12,2017,68,82,150,71,43,114
27,12,2017,77,69,146,48,32,80
28,12,2017,87,98,185,49,42,91
29,12,2017,91,74,165,61,36,97
30,12,2017,72,57,129,68,34,102
31,12,2017,54,45,99,56,52,108
1,1,2018,100,63,163,70,39,109
2,1,2018,63,79,142,57,55,112
3,1,2018,81,82,163,77,46,123
4,1,2018,73,56,129,59,38,97
5,1,2018,80,93,173,37,45,82
6,1,2018,77,69,146,70,28,98
7,1,2018,47,61,108,56,38,94
8,1,2018,67,51,118,46,36,82
9,1,2018,92,71,163,52,43,95
10,1,2018,90,75,165,57,53,110
11,1,2018,92,73,165,59,45,104
12,1,2018,83,78,161,59,41,100
13,1,2018,76,63,139,52,39,91
14,1,2018,59,60,119,65,34,99
15,1,2018,63,67,130,54,47,101
16,1,2018,60,74,134,47,36,83
17,1,2018,74,68,142,61,41,102
18,1,2018,81,90,171,51,37,88
19,1,2018,66,71,137,55,38,93
20,1,2018,68,96,164,50,31,81
21,1,2018,57,64,121,62,34,96
22,1,2018,78,75,153,46,33,79
23,1,2018,80,74,154,59,43,102
24,1,2018,76,74,150,49,41,90
25,1,2018,93,82,175,44,21,65
26,1,2018,86,72,158,59,37,96
27,1,2018,77,65,142,34,34,68
28,1,2018,68,38,106,51,32,83
29,1,2018,77,67,144,55,36,91
30,1,2018,88,78,166,49,43,92
31,1,2018,59,49,108,54,25,79
1,2,2018,85,66,151,56,32,88
2,2,2018,99,78,177,61,40,101
3,2,2018,72,78,150,53,31,84
4,2,2018,69,59,128,52,36,88
5,2,2018,79,70,149,60,36,96
6,2,2018,80,73,153,64,35,99
7,2,2018,72,83,155,46,29,75
8,2,2018,75,67,142,64,37,101
9,2,2018,82,78,160,52,30,82
10,2,2018,68,68,136,56,35,91
11,2,2018,65,54,119,62,47,109
12,2,2018,76,71,147,51,38,89
13,2,2018,110,89,199,51,41,92
14,2,2018,89,63,152,64,43,107
15,2,2018,54,67,121,61,35,96
16,2,2018,68,82,150,50,42,92
17,2,2018,79,66,145,52,46,98
18,2,2018,63,48,111,46,47,93
19,2,2018,88,84,172,51,44,95
20,2,2018,75,81,156,51,35,86
21,2,2018,71,79,150,43,52,95
22,2,2018,77,73,150,48,36,84
23,2,2018,85,75,160,52,37,89
24,2,2018,66,62,128,53,42,95
25,2,2018,48,44,92,60,42,102
26,2,2018,103,81,184,42,48,90
27,2,2018,78,70,148,40,36,76
28,2,2018,87,70,157,44,47,91
1,3,2018,82,92,174,52,42,94
2,3,2018,84,57,141,39,39,78
3,3,2018,76,72,148,68,43,111
4,3,2018,51,55,106,50,50,100
5,3,2018,96,94,190,55,35,90
6,3,2018,109,78,187,48,39,87
7,3,2018,76,88,164,45,40,85
8,3,2018,100,91,191,44,38,82
9,3,2018,92,90,182,35,36,71
10,3,2018,68,74,142,64,37,101
11,3,2018,60,61,121,57,44,101
12,3,2018,71,74,145,55,32,87
13,3,2018,83,54,137,60,37,97
14,3,2018,75,86,161,45,41,86
15,3,2018,85,68,153,45,38,83
16,3,2018,83,70,153,44,30,74
17,3,2018,55,52,107,32,43,75
18,3,2018,96,74,170,39,25,64
19,3,2018,83,87,170,44,27,71
20,3,2018,93,70,163,42,27,69
21,3,2018,87,86,173,41,31,72
22,3,2018,82,85,167,51,34,85
23,3,2018,89,77,166,50,39,89
24,3,2018,80,75,155,51,26,77
25,3,2018,90,66,156,44,33,77
26,3,2018,76,63,139,61,29,90
27,3,2018,81,77,158,60,26,86
28,3,2018,73,83,156,57,31,88
29,3,2018,74,82,156,48,25,73
30,3,2018,78,85,163,43,23,66
31,3,2018,68,51,119,41,33,74
1,4,2018,51,60,111,48,47,95
2,4,2018,80,86,166,61,28,89
3,4,2018,96,75,171,60,39,99
4,4,2018,90,95,185,44,40,84
5,4,2018,80,71,151,48,34,82
6,4,2018,91,83,174,48,40,88
7,4,2018,87,63,150,48,33,81
8,4,2018,51,53,104,48,30,78
9,4,2018,95,105,200,44,34,78
10,4,2018,77,83,160,40,34,74
11,4,2018,83,70,153,48,36,84
12,4,2018,103,95,198,45,35,80
13,4,2018,76,76,152,49,34,83
14,4,2018,82,63,145,40,28,68
15,4,2018,64,47,111,44,31,75
16,4,2018,63,62,125,44,26,70
17,4,2018,77,65,142,43,29,72
18,4,2018,97,100,197,55,32,87
19,4,2018,77,60,137,54,27,81
20,4,2018,80,57,137,36,31,67
21,4,2018,70,71,141,37,27,64
22,4,2018,54,58,112,37,31,68
23,4,2018,75,60,135,40,25,65
24,4,2018,77,63,140,43,30,73
25,4,2018,65,60,125,36,28,64
26,4,2018,54,56,110,36,28,64
27,4,2018,52,60,112,31,26,57
28,4,2018,52,28,80,43,25,68
29,4,2018,31,37,68,45,25,70
30,4,2018,46,54,100,40,33,73
